algorithm,n,time_seconds,memory_kb
naive,1024,1.87985,15872
strassen,1024,51.5033,45440
naive,1024,2.00415,15872
strassen,1024,51.2253,45440
naive,1024,2.09636,15872
strassen,1024,50.6003,45440
naive,1024,2.00665,15872
strassen,1024,50.1966,45312
naive,1024,2.03443,15872
strassen,1024,50.1779,45440
naive,1024,1.90154,15872
strassen,1024,50.2518,45440
naive,1024,1.90175,15872
strassen,1024,49.8881,45440
naive,1024,1.88193,15872
strassen,1024,50.0806,45312
naive,1024,1.97109,15872
strassen,1024,50.4862,45440
naive,1024,1.91292,15872
strassen,1024,50.1566,45440
naive,1024,2.05469,15872
strassen,1024,49.9279,45440
naive,1024,2.00581,15872
strassen,1024,49.955,45440
naive,1024,1.83958,15872
strassen,1024,50.0998,45440
naive,1024,1.80204,15744
strassen,1024,51.3381,45440
naive,1024,1.90778,15872
strassen,1024,49.9755,45440
naive,1024,2.00452,15872
strassen,1024,50.7797,45440
naive,1024,1.92265,15872
strassen,1024,51.0951,45312
naive,1024,1.89018,15744
strassen,1024,50.3201,45440
naive,16,7.541e-06,3456
strassen,16,0.000453976,3456
naive,16,1.6271e-05,3328
strassen,16,0.0004604,3456
naive,16,7.542e-06,3328
strassen,16,0.000458584,3328
naive,16,7.682e-06,3456
strassen,16,0.000461867,3456
naive,16,7.542e-06,3456
strassen,16,0.000641892,3456
naive,16,8.03e-06,3456
strassen,16,0.000503626,3328
naive,16,7.472e-06,3456
strassen,16,0.00120676,3456
naive,16,8.589e-06,3456
strassen,16,0.000443082,3456
naive,16,7.333e-06,3456
strassen,16,0.000454325,3456
naive,16,1.6271e-05,3456
strassen,16,0.000445037,3328
naive,16,7.053e-06,3456
strassen,16,0.000961931,3456
naive,16,7.472e-06,3456
strassen,16,0.000725062,3456
naive,16,9.078e-06,3456
strassen,16,0.000437426,3456
naive,16,7.053e-06,3456
strassen,16,0.000452928,3456
naive,16,1.4525e-05,3328
strassen,16,0.000437216,3456
naive,16,6.984e-06,3456
strassen,16,0.000654043,3456
naive,16,8.031e-06,3328
strassen,16,0.000443501,3456
naive,16,1.1103e-05,3456
strassen,16,0.00043959,3456
naive,256,0.0113377,4352
strassen,256,1.02331,6272
naive,256,0.0109343,4352
strassen,256,1.06317,6272
naive,256,0.0108371,4352
strassen,256,1.02145,6144
naive,256,0.0105476,4224
strassen,256,1.04252,6272
naive,256,0.0107725,4352
strassen,256,1.03033,6272
naive,256,0.0108778,4352
strassen,256,1.02712,6272
naive,256,0.0108056,4352
strassen,256,1.02122,6272
naive,256,0.0114307,4352
strassen,256,1.04621,6272
naive,256,0.0109221,4224
strassen,256,1.02795,6272
naive,256,0.010793,4352
strassen,256,1.02686,6272
naive,256,0.0106606,4352
strassen,256,1.02897,6272
naive,256,0.0108197,4224
strassen,256,1.03042,6272
naive,256,0.0109579,4224
strassen,256,1.01984,6144
naive,256,0.0110114,4224
strassen,256,1.01792,6272
naive,256,0.0106038,4352
strassen,256,1.01986,6272
naive,256,0.0106534,4224
strassen,256,1.03946,6272
naive,256,0.0118926,4224
strassen,256,1.03621,6272
naive,256,0.0123412,4352
strassen,256,1.02635,6272
naive,64,0.000346164,3584
strassen,64,0.0205356,3712
naive,64,0.000160267,3584
strassen,64,0.0206449,3712
naive,64,0.000170323,3584
strassen,64,0.0206933,3712
naive,64,0.000160756,3584
strassen,64,0.0208888,3712
naive,64,0.000164248,3584
strassen,64,0.0206536,3712
naive,64,0.000159569,3456
strassen,64,0.0209601,3712
naive,64,0.000161664,3584
strassen,64,0.0208628,3712
naive,64,0.000165016,3584
strassen,64,0.0209878,3712
naive,64,0.000164597,3584
strassen,64,0.0209309,3712
naive,64,0.000165016,3584
strassen,64,0.0209457,3584
naive,64,0.000165016,3584
strassen,64,0.021026,3712
naive,64,0.000160337,3584
strassen,64,0.0211488,3712
naive,64,0.000169835,3584
strassen,64,0.0210461,3712
naive,64,0.000187293,3584
strassen,64,0.0208343,3712
naive,64,0.000164667,3456
strassen,64,0.020977,3712
naive,64,0.000160756,3584
strassen,64,0.0209607,3712
naive,64,0.000165575,3584
strassen,64,0.0209023,3712
naive,64,0.000215087,3584
strassen,64,0.0209043,3584
