0 0 0 0 0 0 0 0 0 0 0 0 0 0 0 0
15 0 0 0 0 0 0 0 3 0 0 0 0 0 0 0
25 0 0 0 0 0 0 0 5 0 0 0 0 0 0 0
0 0 0 0 0 0 54 0 0 0 0 0 0 0 0 0
0 0 0 0 0 0 0 0 0 18 0 6 62 0 0 0
0 0 0 0 0 0 0 24 0 0 0 0 0 0 0 9
0 0 0 0 0 0 0 64 0 0 0 0 0 0 0 24
0 0 0 0 0 0 0 0 0 81 0 27 36 0 0 0
0 0 8 0 0 0 0 0 0 0 0 0 0 0 0 0
0 0 0 0 0 0 0 56 0 0 0 0 0 0 0 21
0 0 0 0 0 0 0 0 0 0 0 0 0 0 0 0
56 0 0 0 0 0 0 0 24 0 0 0 0 64 0 0
15 48 0 20 0 0 0 54 3 0 0 0 0 0 0 0
56 0 0 0 0 0 0 0 24 0 0 0 0 64 0 0
0 24 14 0 0 0 0 15 0 0 0 0 0 0 0 0
0 0 0 0 0 0 0 0 0 0 0 0 0 0 0 0
