0 0 0 0 0 0 0 0 0 0 0 0 0 0 0 0
0 0 0 0 0 0 0 0 27 0 0 0 0 54 0 0
0 0 0 42 0 0 0 0 0 18 0 72 0 15 0 0
0 0 0 40 0 0 0 0 0 0 0 0 0 0 0 0
0 0 24 0 0 0 0 0 0 0 0 4 0 0 0 0
0 0 0 0 0 0 0 0 0 0 0 0 0 0 0 0
0 0 0 0 0 0 0 0 0 0 0 0 0 0 0 0
0 0 0 18 0 0 0 0 0 0 0 0 0 0 0 0
0 0 0 0 0 0 0 0 0 0 0 0 0 0 0 0
0 0 0 0 0 0 0 0 0 0 0 0 0 0 0 0
0 0 0 36 0 0 0 0 0 36 0 0 0 30 0 0
0 0 0 0 0 42 0 0 56 0 0 0 63 0 0 0
0 0 0 0 0 23 0 0 24 13 45 0 27 0 0 0
0 0 0 48 0 0 0 0 0 6 27 0 0 0 0 0
0 0 6 0 0 0 0 0 0 0 0 1 0 0 0 0
0 0 0 0 0 36 0 0 48 0 0 0 54 0 0 0
