390 249 261 364 356 404 283 403 398 378 196 386 343 408 352 223
268 180 151 237 244 272 232 281 220 228 141 212 221 269 236 141
367 369 350 404 431 453 296 378 363 362 252 452 316 458 392 271
376 309 244 293 297 428 309 378 347 397 230 387 341 471 357 193
439 305 288 367 385 428 418 394 326 371 257 302 403 402 312 191
431 365 388 457 469 535 372 462 391 419 299 429 390 488 405 293
373 373 354 351 409 417 339 412 357 370 213 395 322 446 345 221
306 334 326 359 360 451 321 401 340 409 309 368 326 436 343 263
328 344 379 416 399 449 322 413 374 397 295 425 308 463 398 322
366 302 213 258 314 401 312 352 346 360 232 313 330 426 355 177
388 348 269 369 381 461 376 411 386 399 261 391 381 484 394 221
388 357 371 405 429 511 348 475 429 446 294 419 362 466 397 285
365 364 313 376 418 482 378 444 391 418 290 374 339 480 425 271
243 198 226 286 262 263 206 242 250 288 194 321 235 265 261 197
467 403 317 403 480 533 438 481 428 495 351 393 400 505 450 281
413 399 291 334 402 510 419 423 345 379 266 350 344 526 418 228
