12 0 0 0 0 0 0 0 0 0 0 0 0 0 0 0
0 36 0 0 0 0 0 0 0 0 0 0 0 0 0 0
0 0 24 0 0 0 0 0 0 0 0 0 0 0 0 0
0 0 0 5 0 0 0 0 0 0 0 0 0 0 0 0
0 0 0 0 6 0 0 0 0 0 0 0 0 0 0 0
0 0 0 0 0 27 0 0 0 0 0 0 0 0 0 0
0 0 0 0 0 0 72 0 0 0 0 0 0 0 0 0
0 0 0 0 0 0 0 30 0 0 0 0 0 0 0 0
0 0 0 0 0 0 0 0 6 0 0 0 0 0 0 0
0 0 0 0 0 0 0 0 0 0 0 0 0 0 0 0
0 0 0 0 0 0 0 0 0 0 16 0 0 0 0 0
0 0 0 0 0 0 0 0 0 0 0 81 0 0 0 0
0 0 0 0 0 0 0 0 0 0 0 0 12 0 0 0
0 0 0 0 0 0 0 0 0 0 0 0 0 40 0 0
0 0 0 0 0 0 0 0 0 0 0 0 0 0 9 0
0 0 0 0 0 0 0 0 0 0 0 0 0 0 0 36
