348 362 324 296 241 311 337 297 345 188 298 375 294 252 257 332
263 341 316 291 283 305 272 348 243 185 305 279 280 304 227 339
319 289 350 327 232 384 387 359 301 258 346 390 157 291 251 374
244 244 275 300 172 311 324 278 257 171 201 292 121 243 251 324
384 390 382 385 350 403 382 391 267 252 313 382 319 404 282 447
333 393 385 295 281 373 285 344 306 181 353 304 305 271 290 334
438 378 400 354 274 405 441 368 402 207 335 457 270 311 286 395
442 437 425 441 339 421 426 397 392 239 335 410 285 313 346 395
303 340 321 271 204 317 259 340 330 131 323 289 286 177 249 254
272 271 293 268 232 329 301 318 232 119 252 260 219 228 217 314
315 386 346 297 286 349 259 339 273 146 304 271 353 303 265 332
267 345 312 324 214 368 290 394 252 234 320 322 247 334 280 407
330 288 352 323 232 347 363 336 299 176 298 345 234 314 236 377
373 405 387 336 331 413 384 362 276 223 289 371 239 365 291 418
380 403 373 277 264 362 373 334 364 158 311 388 298 275 277 366
407 367 374 427 347 456 378 462 330 272 396 428 269 395 331 464
