0 0 0 0 0 0 0 0 0 0 0 0 0 0 0 0
0 9 0 0 0 0 0 0 0 0 0 0 0 0 0 0
0 0 0 0 0 0 0 0 0 0 0 0 0 0 0 0
0 0 0 48 0 0 0 0 0 0 0 0 0 0 0 0
0 0 0 0 35 0 0 0 0 0 0 0 0 0 0 0
0 0 0 0 0 16 0 0 0 0 0 0 0 0 0 0
0 0 0 0 0 0 36 0 0 0 0 0 0 0 0 0
0 0 0 0 0 0 0 35 0 0 0 0 0 0 0 0
0 0 0 0 0 0 0 0 0 0 0 0 0 0 0 0
0 0 0 0 0 0 0 0 0 4 0 0 0 0 0 0
0 0 0 0 0 0 0 0 0 0 18 0 0 0 0 0
0 0 0 0 0 0 0 0 0 0 0 72 0 0 0 0
0 0 0 0 0 0 0 0 0 0 0 0 0 0 0 0
0 0 0 0 0 0 0 0 0 0 0 0 0 18 0 0
0 0 0 0 0 0 0 0 0 0 0 0 0 0 63 0
0 0 0 0 0 0 0 0 0 0 0 0 0 0 0 8
