342 432 451 462 527 284 366 455 370 377 466 422 336 445 484 412
201 336 306 353 330 230 261 319 283 245 351 301 233 287 337 315
156 235 260 302 288 222 204 254 282 234 350 257 146 311 347 245
206 299 304 341 388 261 322 348 331 276 347 245 216 321 328 342
283 323 357 338 412 230 360 325 333 291 345 272 274 348 349 349
208 322 356 342 347 187 238 282 330 253 343 272 216 321 346 285
220 283 281 281 304 165 208 311 163 244 295 321 200 276 343 206
235 335 320 325 331 202 269 341 272 246 359 301 250 321 359 311
244 376 391 430 466 335 353 476 354 346 502 410 287 372 489 378
175 258 302 266 311 183 230 331 252 199 326 347 244 224 381 293
252 276 318 262 343 185 377 322 252 276 284 245 283 283 309 339
286 269 311 256 372 159 286 285 304 258 329 263 240 396 362 292
204 311 331 344 349 228 191 332 246 193 363 337 199 234 356 224
203 309 299 301 402 185 233 371 312 215 317 274 233 273 296 270
250 354 362 392 391 229 281 324 334 303 394 308 255 379 402 348
196 222 289 251 318 173 273 313 231 314 320 263 201 323 348 234
