0 63 0 0 0 0 0 21 0 0 0 0 0 0 0 0
1 36 0 0 0 0 0 12 0 0 0 0 0 0 0 0
0 0 0 0 0 0 0 0 0 0 0 0 0 0 32 8
0 0 0 0 0 56 0 0 0 0 0 0 0 0 0 0
0 0 0 0 0 0 0 0 0 0 0 0 0 0 0 20
0 0 0 0 0 0 0 0 0 0 0 0 0 0 0 0
0 48 0 0 18 56 0 0 0 0 0 36 54 0 0 0
0 0 0 0 0 0 0 0 0 2 0 0 0 0 0 2
0 0 0 0 0 18 0 0 0 0 0 0 0 81 0 63
0 0 0 0 0 0 0 4 24 0 0 105 0 0 0 0
0 0 0 0 0 0 0 0 0 0 0 0 63 0 0 0
0 0 0 0 0 0 0 0 0 0 0 0 0 0 0 0
0 0 0 0 0 0 0 0 0 0 0 0 0 0 0 24
0 0 0 0 0 64 0 0 0 0 0 36 0 0 0 0
0 0 0 0 0 0 0 0 0 0 0 0 0 0 4 1
0 36 0 0 0 0 0 12 0 0 0 0 0 0 0 0
