0 0 67 16 0 21 0 70 0 48 52 30 0 0 0 15 0 0 15 0 0 0 0 0 6 24 24 27 0 0 27 0 52 45 30 0 0 54 0 24 0 0 0 6 0 0 18 5 0 0 10 25 14 0 0 0 28 103 0 21 18 35 0 40
0 0 4 2 0 0 0 0 0 15 0 0 0 0 0 0 0 0 0 14 0 7 0 0 40 0 3 0 30 0 0 0 20 0 40 35 0 0 15 0 25 45 0 0 30 15 0 0 0 25 0 0 0 0 40 0 0 0 0 0 50 0 0 5
0 9 10 0 8 0 0 0 0 8 57 0 0 0 10 0 2 35 0 0 83 15 0 35 1 40 0 81 0 0 0 15 18 0 5 0 0 9 72 4 72 0 0 0 0 0 0 0 25 0 0 0 5 0 0 0 0 0 0 0 5 0 0 0
75 0 24 48 76 58 0 54 4 32 6 54 38 54 0 40 42 64 30 2 54 14 54 0 0 3 0 0 23 86 41 48 0 88 0 2 9 45 54 0 72 77 0 15 5 0 0 9 48 24 18 45 30 12 0 0 23 14 0 4 54 0 4 25
0 7 28 0 28 0 0 0 6 40 21 0 12 32 0 0 0 32 0 0 53 33 0 0 24 28 0 63 21 0 20 0 14 0 0 3 0 0 88 0 56 28 0 36 0 0 0 12 56 0 0 0 0 0 0 0 0 0 0 0 0 0 20 24
0 0 46 88 0 18 40 0 0 30 0 18 0 63 8 0 0 20 0 0 24 0 36 71 56 0 0 0 24 0 0 93 0 132 48 40 0 0 54 8 0 0 45 30 0 0 0 81 42 80 45 0 84 8 54 56 24 54 0 72 0 0 0 72
0 55 0 0 0 0 0 0 0 25 43 0 5 0 0 0 0 35 0 0 42 30 10 0 15 24 30 54 0 0 0 0 12 0 0 0 0 0 48 74 48 0 0 0 0 0 0 0 0 0 57 54 0 0 0 0 0 48 0 0 30 0 30 0
40 0 0 0 0 0 0 18 28 0 5 0 16 0 0 0 20 0 9 0 32 28 0 0 18 0 25 10 53 0 0 35 20 0 12 4 0 18 0 0 0 0 0 32 63 27 27 36 0 0 0 0 0 0 0 0 14 0 0 25 0 12 0 86
48 0 4 0 3 48 0 48 42 0 42 0 52 0 4 0 41 14 0 0 8 69 0 14 0 42 30 66 109 18 54 48 86 0 94 55 0 0 6 40 58 18 0 12 54 6 36 36 10 0 0 48 10 0 45 0 45 48 6 72 2 0 19 88
28 0 0 0 0 8 0 0 0 0 12 0 0 0 0 20 0 0 0 0 48 0 0 0 0 0 0 0 0 0 0 0 0 0 18 0 0 0 0 0 0 0 0 48 0 0 0 54 0 0 0 0 0 0 0 0 0 28 0 0 0 0 0 0
35 0 52 0 119 0 0 18 0 33 0 0 6 72 0 3 24 32 3 0 9 27 54 0 63 0 0 0 54 9 45 0 36 63 0 0 0 35 32 0 86 84 0 51 0 0 0 27 0 45 6 0 0 54 72 0 43 0 0 0 81 0 20 0
31 29 8 44 20 86 0 0 14 32 9 0 43 95 0 15 15 40 0 40 45 49 76 0 10 7 6 0 127 48 20 69 22 33 9 7 0 18 72 0 35 0 0 45 25 0 0 6 94 52 0 0 25 10 38 0 6 29 55 0 81 24 0 66
46 0 71 0 61 57 10 0 2 0 54 15 14 0 0 37 56 0 23 45 28 0 48 0 0 0 35 81 35 21 81 40 36 0 0 27 31 0 72 2 45 0 0 53 0 0 54 0 0 20 14 0 0 0 45 0 70 42 27 63 18 4 16 0
52 18 54 0 8 18 16 0 2 35 0 38 0 0 0 6 10 71 16 128 0 0 0 27 0 12 62 28 56 0 6 0 0 63 7 42 10 0 42 2 72 0 81 54 0 0 0 63 0 0 35 0 12 0 72 0 66 54 0 0 18 4 16 0
0 0 42 0 0 0 0 0 0 0 12 0 0 0 0 0 0 48 0 0 0 0 0 0 0 0 0 27 0 0 27 0 12 0 0 0 0 0 48 0 0 42 0 60 0 0 18 0 0 0 0 0 0 0 0 0 0 0 0 21 0 0 30 0
6 20 20 66 8 0 0 36 0 0 0 36 0 80 0 18 27 0 26 0 65 13 3 0 3 0 15 6 27 0 0 0 0 24 0 3 0 14 0 18 8 8 0 0 9 0 0 6 83 0 26 48 35 14 0 6 1 16 27 0 67 12 10 25
104 0 10 0 32 22 0 9 24 0 30 0 0 48 0 40 24 0 0 0 0 0 0 0 9 0 30 12 102 40 72 42 24 56 0 0 72 9 0 0 0 40 0 0 24 0 0 0 0 0 0 0 4 0 0 0 8 74 0 62 0 6 0 27
0 9 0 0 60 72 0 0 0 0 0 0 0 0 0 0 8 0 0 72 0 0 0 0 0 63 0 0 0 27 0 0 70 0 81 0 0 0 0 0 63 0 0 81 63 0 0 54 0 0 0 0 0 0 0 0 75 72 9 0 0 0 24 0
18 6 68 0 36 0 0 9 0 39 0 0 35 24 0 4 38 72 34 48 24 3 30 0 0 0 0 6 0 93 36 0 0 0 9 0 54 0 0 0 57 0 0 98 0 0 0 27 12 0 3 0 0 27 0 6 18 0 0 0 4 0 36 0
18 0 15 0 48 9 0 8 9 0 8 0 0 0 0 0 0 0 72 10 32 5 0 0 25 0 0 0 0 0 0 0 8 9 3 9 63 0 0 9 0 0 0 8 0 0 0 9 0 0 12 0 6 0 0 0 54 35 0 0 81 25 72 0
9 28 0 0 53 0 0 0 0 0 0 0 0 96 0 0 6 0 72 10 23 20 9 0 62 0 0 0 63 0 25 0 12 35 0 27 0 21 81 0 0 0 0 0 21 0 0 15 63 0 0 0 0 0 0 0 63 0 144 0 0 28 18 0
177 81 18 0 0 8 0 0 32 45 74 0 0 0 18 47 77 108 0 72 36 27 0 63 0 54 67 52 40 0 27 83 32 0 9 0 0 0 0 0 0 0 0 0 0 0 0 0 45 0 0 0 9 0 0 0 16 28 0 60 0 0 0 0
43 85 18 0 16 0 0 0 6 0 54 0 0 0 18 27 45 63 80 32 52 27 0 63 0 54 27 0 0 0 27 27 0 0 3 18 30 0 0 6 28 0 0 44 0 24 15 9 66 0 0 0 9 0 0 0 0 0 0 0 54 12 48 0
5 0 0 0 71 0 0 0 0 0 0 0 0 72 0 0 0 0 5 0 9 27 0 0 54 0 0 0 0 0 45 0 0 9 0 0 0 5 0 0 8 8 0 0 35 15 15 27 0 0 0 0 0 0 0 0 1 0 0 0 0 0 0 0
18 4 0 8 24 0 21 54 0 78 24 30 0 0 9 36 0 15 15 56 4 0 15 14 7 0 0 12 48 0 56 0 52 27 59 0 3 0 9 2 28 0 0 99 0 64 40 5 56 35 12 25 0 2 56 0 14 24 9 0 63 21 0 0
18 36 32 0 22 0 12 9 0 32 0 18 12 72 0 6 0 48 0 54 0 0 0 0 20 8 42 0 123 54 16 0 0 63 10 30 0 64 16 8 70 30 0 18 27 0 0 0 85 0 0 0 0 0 54 0 2 0 81 0 6 42 10 27
0 0 4 29 96 36 0 52 0 3 40 12 0 72 5 6 0 6 6 0 21 27 36 35 55 0 0 0 21 0 45 32 51 45 0 0 9 0 36 5 4 4 0 0 0 0 0 29 0 21 10 10 0 14 8 0 22 40 0 0 9 35 0 2
9 35 6 0 16 0 15 56 0 35 67 0 15 0 0 0 8 49 72 0 35 0 14 0 21 0 42 0 8 0 0 0 32 45 30 43 6 0 0 48 24 0 0 0 0 0 0 0 0 3 25 24 4 0 0 21 14 32 0 27 42 28 8 35
0 20 36 0 20 24 18 0 9 44 0 0 0 12 6 18 4 0 0 0 0 25 12 0 1 25 0 0 18 91 66 0 98 14 80 0 18 9 72 49 18 10 0 54 27 0 0 18 0 36 35 45 0 0 0 81 116 64 3 8 3 0 37 0
30 0 0 28 0 0 0 0 2 69 0 0 52 0 0 0 0 5 24 8 0 7 0 0 36 32 24 4 7 0 0 24 0 0 41 21 0 104 0 32 0 32 40 0 0 8 5 16 7 36 0 0 36 0 0 0 0 0 45 0 24 0 0 8
0 72 62 64 0 12 0 0 0 40 40 0 8 92 0 0 24 104 0 0 72 40 32 0 24 0 48 0 0 0 0 20 0 12 0 0 0 0 48 104 0 42 0 54 0 0 0 0 64 0 80 72 48 16 24 0 16 100 0 0 120 0 70 0
0 0 8 25 0 0 0 0 0 0 0 10 0 63 0 0 0 0 0 0 0 0 36 0 21 0 6 0 0 0 0 63 0 72 0 15 0 0 30 0 0 0 0 0 0 0 0 45 0 27 25 0 27 0 54 0 49 0 0 0 0 0 0 10
0 40 24 12 0 0 0 0 0 40 40 0 8 0 0 0 0 56 24 0 0 0 16 0 24 0 66 0 0 0 0 48 0 0 0 0 0 0 0 32 0 16 0 0 56 24 24 0 0 0 24 0 0 0 0 0 0 0 25 0 48 0 0 30
0 20 0 0 0 64 0 15 0 20 20 0 4 0 40 15 0 28 0 0 0 0 8 48 27 0 24 0 0 45 0 0 0 0 0 72 0 15 0 16 0 0 0 32 0 0 0 0 74 0 12 0 0 0 20 64 4 0 28 0 24 18 0 45
8 12 0 0 72 0 0 0 0 16 0 0 12 0 0 3 24 64 0 0 72 18 3 24 0 0 0 6 0 45 16 0 0 0 27 0 0 0 0 27 0 0 72 120 0 0 0 81 2 0 21 27 0 0 0 6 0 24 0 0 22 0 15 0
10 20 16 28 16 0 0 0 0 20 20 6 4 0 5 0 0 44 0 0 0 0 8 47 12 0 36 0 15 0 0 0 0 45 0 0 0 10 18 21 16 16 36 24 0 0 0 27 0 0 27 0 0 5 0 0 9 0 0 0 24 0 0 20
0 11 7 0 36 0 3 40 0 6 83 0 0 32 1 3 42 32 0 34 67 42 23 18 69 36 0 159 0 0 64 0 74 45 8 0 0 0 80 0 86 7 54 80 0 0 24 12 0 0 0 0 0 0 0 42 0 40 0 28 28 35 5 0
3 0 0 0 0 0 0 0 6 0 0 0 12 35 0 0 0 36 0 0 0 21 20 27 0 0 0 0 21 0 0 25 0 15 0 3 0 0 0 0 0 0 81 54 0 0 0 0 0 0 0 0 0 0 30 0 12 0 5 15 0 0 0 24
35 0 16 0 0 10 0 0 4 24 15 0 0 49 0 25 0 0 0 0 0 0 28 0 8 0 0 0 48 32 0 35 64 21 0 0 0 0 32 0 8 0 0 0 0 0 0 0 0 56 0 0 0 0 106 36 28 35 0 0 72 0 0 0
0 0 5 0 21 3 0 42 0 8 0 18 0 45 0 9 0 0 11 0 3 9 84 0 18 0 0 0 0 0 15 15 0 9 0 0 0 0 0 0 40 0 0 0 14 6 6 12 0 0 14 15 2 72 18 0 52 9 0 0 0 0 0 0
0 0 17 0 3 0 6 0 2 45 0 27 0 14 0 0 0 0 0 27 0 0 8 0 0 0 21 0 21 16 0 10 16 87 0 15 0 0 70 0 31 0 0 0 0 0 0 81 63 8 45 0 0 0 39 18 14 0 0 0 0 0 0 0
6 0 37 7 0 93 0 18 0 6 6 0 0 0 2 0 0 23 0 0 4 3 126 19 7 0 0 0 0 0 0 73 0 0 0 5 0 0 72 0 30 0 36 24 0 0 0 0 5 41 6 0 24 54 0 0 88 63 0 30 0 0 0 0
6 9 107 8 52 36 0 0 0 5 0 0 18 40 0 3 27 40 52 72 9 0 36 0 0 0 6 0 0 9 0 32 0 0 40 35 72 8 91 0 88 88 10 141 51 24 9 4 31 16 0 0 5 2 0 0 0 0 0 0 14 0 73 0
0 53 0 32 64 0 0 0 0 30 59 0 6 72 0 0 28 42 0 0 57 0 12 0 23 12 36 72 45 0 45 0 26 25 0 0 0 15 24 24 24 0 0 10 15 0 30 0 77 0 18 0 20 8 0 0 0 0 45 35 88 20 0 0
0 0 0 0 0 0 0 18 0 0 0 18 0 0 0 9 0 0 9 0 0 0 0 0 0 0 0 0 0 0 0 0 0 0 0 0 0 0 0 0 0 0 0 0 0 0 0 3 0 0 6 15 0 0 0 0 7 0 0 0 0 0 0 0
21 0 24 0 0 40 9 42 6 18 0 42 42 0 3 30 5 0 42 18 0 0 6 0 0 62 21 0 0 63 24 0 78 0 69 5 0 28 48 0 12 28 35 27 56 0 0 51 2 24 14 35 0 0 0 54 72 40 5 0 0 0 36 81
0 0 16 36 36 0 0 0 0 0 0 6 0 0 0 0 0 24 0 0 0 0 0 0 0 0 0 0 0 0 0 0 28 27 0 0 0 0 18 0 16 16 0 0 0 0 0 27 0 0 15 0 0 36 0 0 32 0 0 0 0 0 0 8
0 35 15 20 0 73 0 0 0 35 35 0 7 0 5 0 5 49 0 0 0 0 14 35 21 56 42 0 15 24 0 0 48 0 72 5 0 0 0 33 0 0 0 0 59 0 0 48 2 0 21 0 6 5 0 0 60 91 8 0 42 0 0 0
0 0 40 0 0 24 0 0 0 0 0 0 0 0 0 0 0 0 0 0 0 0 0 0 0 0 0 0 0 0 0 0 0 0 56 49 0 0 21 0 35 63 0 0 42 21 0 0 0 0 0 0 16 0 30 0 38 72 0 0 7 0 0 0
18 54 0 0 28 48 21 0 0 58 0 0 0 42 7 39 30 0 0 0 0 0 14 0 2 86 18 0 63 53 137 0 36 49 120 0 63 18 0 8 0 35 0 63 63 0 0 36 0 0 0 0 0 0 0 0 36 48 6 28 6 0 0 0
0 0 0 51 0 0 0 0 0 0 0 0 0 16 0 0 6 0 0 6 18 0 0 0 35 9 0 0 0 0 0 30 0 0 0 25 0 0 0 0 0 0 0 0 6 0 0 0 16 45 0 0 55 4 0 0 21 0 0 0 18 0 12 27
0 0 22 9 75 0 30 0 0 0 0 0 0 4 0 0 0 6 5 0 50 0 0 0 0 0 0 0 0 0 0 0 7 18 36 0 33 0 0 0 4 4 0 0 0 0 0 0 2 6 16 0 0 9 0 42 57 0 45 54 0 0 6 56
0 0 40 0 21 63 0 0 0 0 0 0 10 24 0 5 40 0 10 0 3 9 63 0 18 0 0 0 0 15 15 56 0 0 0 0 0 0 63 0 0 0 0 25 35 15 15 9 0 28 0 0 0 0 0 0 0 0 0 0 0 0 0 0
0 0 8 0 72 0 9 33 0 19 24 0 10 0 11 9 10 28 0 0 52 12 15 28 0 0 0 0 10 0 24 12 0 0 39 20 27 0 0 25 35 0 0 27 0 0 0 0 20 0 19 30 9 9 0 0 69 0 0 0 0 0 10 10
16 0 0 49 0 0 0 0 8 0 2 0 0 0 0 0 8 0 0 0 0 0 0 0 49 0 10 4 10 0 0 56 8 0 0 35 0 0 0 0 0 0 0 0 0 0 0 0 0 63 0 0 63 0 0 0 0 0 0 10 0 0 0 0
6 0 12 0 0 9 30 24 0 12 0 24 9 0 0 12 0 24 12 0 82 0 9 0 0 0 0 0 0 27 12 8 0 18 60 0 0 0 9 0 0 0 0 64 0 0 0 76 0 10 8 20 0 0 0 42 0 0 5 54 0 0 0 54
9 32 20 36 36 0 15 0 1 46 12 0 0 0 5 15 0 24 72 0 18 40 19 0 2 8 0 27 0 8 67 0 48 0 50 27 0 18 89 80 18 16 0 51 0 0 18 0 0 4 56 72 0 36 0 9 74 64 86 21 6 0 40 8
0 0 77 0 14 0 0 0 0 0 0 0 0 28 0 0 30 40 35 18 0 9 0 0 45 0 0 0 0 0 0 0 0 0 16 44 63 0 46 0 10 53 0 45 30 6 0 0 26 0 0 0 0 0 0 0 0 0 0 0 2 0 67 0
0 0 0 0 0 72 0 0 8 21 0 0 16 0 0 0 0 0 0 0 0 28 0 0 7 63 0 0 70 27 0 0 82 0 81 4 0 0 0 0 0 0 0 0 63 0 0 54 0 35 0 0 0 0 56 0 54 72 9 0 63 0 0 32
42 49 0 0 0 56 0 0 0 0 0 0 36 8 35 15 25 0 18 14 0 7 0 42 36 30 33 0 9 0 15 0 0 5 0 63 0 27 0 0 0 24 30 28 3 0 0 12 65 0 0 0 0 0 0 56 36 0 56 45 0 11 0 0
42 8 32 0 32 63 27 0 12 89 0 0 8 0 9 27 0 47 0 120 0 14 81 9 0 0 0 28 14 64 72 56 64 0 79 2 0 0 127 0 72 0 27 171 0 0 0 0 0 60 0 0 0 0 0 72 56 0 0 0 0 0 0 16
0 20 2 0 0 0 5 0 0 20 20 0 4 0 0 0 0 28 16 0 3 0 8 0 12 0 24 0 0 0 0 48 0 3 6 0 0 0 0 16 0 16 0 0 0 0 0 0 0 1 12 0 0 0 0 7 0 0 0 9 24 0 0 9
28 36 24 0 0 56 0 72 8 40 48 24 6 0 0 27 44 0 79 0 0 0 0 0 5 93 12 0 0 30 12 0 90 54 88 8 40 45 0 28 0 0 0 15 49 0 0 46 0 0 8 20 0 0 0 0 42 104 7 0 87 58 64 0
25 39 3 48 13 0 2 0 8 55 2 3 0 90 0 9 56 0 18 9 54 0 6 0 8 38 26 4 71 15 36 68 8 36 25 20 27 54 54 20 9 33 0 0 27 0 0 0 102 0 0 0 30 12 9 0 91 0 81 22 69 12 0 0
