14 20 23 20 19 20 19 13 15 15 20 18 19 19 18 19 20 21 22 21 14 12 23 18 12 12 18 18 16 20 15 19 22 18 19 15 20 17 20 13 16 19 15 19 17 16 19 25 18 19 14 12 16 19 20 17 16 18 21 16 18 19 16 16
7 14 12 12 17 13 13 8 9 8 16 12 10 15 10 10 15 11 17 18 14 5 13 12 10 9 9 8 11 11 14 12 17 17 11 10 11 10 11 11 13 16 8 15 15 12 14 17 8 7 13 10 15 11 17 11 11 10 12 10 13 12 13 12
16 25 20 17 17 17 19 15 18 18 23 17 15 20 16 16 21 22 17 21 19 10 23 20 19 15 20 17 16 17 15 19 23 21 19 17 17 16 19 14 16 19 14 21 22 17 17 23 17 15 16 14 21 20 19 15 14 17 18 16 19 22 19 20
12 16 15 19 14 17 15 12 13 13 22 17 18 15 13 14 20 15 18 17 15 12 15 11 5 12 13 17 12 11 12 17 14 15 14 14 11 15 16 13 18 16 14 16 19 16 12 18 14 16 16 16 13 16 14 17 16 16 15 14 16 15 17 17
17 14 13 16 18 14 15 11 10 12 19 17 14 14 18 15 18 10 20 19 14 10 19 14 13 9 14 18 18 15 18 15 19 17 16 14 12 12 13 13 18 15 15 19 15 11 15 26 15 15 14 12 14 12 19 13 13 14 19 13 18 16 15 18
16 16 14 13 17 10 17 15 10 8 21 13 14 16 15 12 18 15 16 16 13 12 17 14 11 11 17 17 16 16 14 17 20 15 11 11 13 12 14 9 15 15 12 17 16 13 14 22 9 16 14 11 14 12 15 15 13 13 18 13 14 15 16 18
15 14 16 13 21 17 12 13 13 13 17 14 19 17 12 16 18 16 15 18 17 14 16 16 8 10 12 14 13 17 17 15 14 17 13 14 15 14 19 12 14 14 15 15 15 14 15 20 19 18 11 16 18 15 13 16 16 17 16 8 13 15 19 13
11 14 12 13 13 14 13 9 13 11 14 11 11 13 12 11 14 10 13 18 11 8 15 9 8 11 11 14 11 12 13 14 12 12 10 14 15 12 12 9 14 13 9 14 13 9 13 16 14 13 12 8 13 15 15 11 11 13 16 14 15 12 12 13
15 19 18 17 20 16 21 14 11 10 21 16 12 17 15 16 20 17 22 23 16 8 20 17 15 14 15 19 14 19 20 21 19 19 17 14 14 15 15 15 20 21 14 24 17 14 19 23 16 13 17 13 18 17 21 17 13 17 23 11 21 18 19 18
15 14 13 11 17 13 14 11 7 11 18 13 13 12 14 11 11 11 20 16 12 12 13 13 15 11 9 15 10 16 13 13 10 17 11 12 14 13 9 10 13 18 12 13 8 12 15 18 11 13 12 14 11 12 15 11 10 13 12 11 15 14 12 13
15 20 13 16 19 16 18 13 13 15 21 15 16 19 19 16 19 16 20 21 18 9 20 19 15 11 14 17 16 20 17 16 18 21 16 13 19 15 16 13 21 22 16 17 16 13 16 21 15 14 15 15 15 18 18 16 14 17 17 15 19 17 18 17
17 23 16 20 20 19 19 18 16 15 22 17 21 18 16 17 18 19 24 25 19 12 21 18 14 12 18 21 17 19 19 16 19 22 19 12 19 19 17 16 17 25 15 19 19 16 16 23 18 17 18 17 19 21 19 21 17 18 18 18 18 20 19 20
18 20 19 19 21 17 16 15 17 13 23 16 20 19 14 20 19 20 24 24 17 13 20 21 11 12 18 19 19 17 21 18 20 20 20 13 17 19 18 15 19 17 16 20 18 12 19 25 21 19 15 14 21 22 21 19 16 18 22 14 16 16 21 16
13 17 13 12 16 11 14 13 10 9 21 16 18 14 14 11 15 14 20 19 16 9 15 14 14 11 17 15 12 15 17 10 20 21 15 12 13 11 13 13 16 17 9 20 16 16 16 18 13 13 15 15 14 15 14 14 12 13 14 13 14 14 14 13
16 24 21 19 21 16 17 13 19 16 22 18 15 23 17 20 18 22 21 22 20 13 22 18 15 14 17 21 15 18 21 19 21 20 20 16 18 14 19 12 17 18 13 21 19 15 18 27 17 18 16 16 18 19 19 20 18 15 26 15 17 20 21 20
16 17 18 17 20 18 21 17 18 19 26 16 20 19 19 15 21 16 25 22 21 13 22 17 14 12 17 23 21 18 17 19 21 22 21 13 16 17 16 15 19 21 18 23 20 13 16 22 15 19 14 15 20 17 17 21 15 17 20 15 19 23 19 19
17 18 18 17 15 18 14 13 11 16 19 16 17 18 16 16 16 17 18 16 16 12 18 20 12 12 14 17 12 17 16 16 15 18 13 17 16 16 17 11 18 16 13 17 14 14 13 22 17 18 14 14 15 15 14 14 12 18 17 13 18 18 17 18
18 20 17 16 20 19 20 16 17 18 23 15 21 16 18 18 22 19 22 20 17 14 18 22 14 15 15 19 18 21 17 19 21 21 15 13 18 16 18 14 19 14 18 19 18 15 15 27 20 19 15 17 17 18 16 13 18 17 18 13 18 19 19 19
16 22 18 17 14 16 16 8 16 15 18 19 15 17 17 20 20 21 21 20 17 10 21 19 13 11 13 16 13 13 16 18 19 19 22 17 16 14 21 14 16 17 14 15 19 12 20 21 20 14 14 19 18 19 19 16 15 16 17 13 18 17 16 18
16 23 20 19 21 21 20 20 14 15 24 19 19 21 16 18 18 19 22 22 20 13 23 18 14 16 18 21 17 16 20 17 20 21 17 13 21 16 17 16 21 20 13 21 19 19 19 26 14 19 17 15 16 21 20 21 19 14 23 20 18 21 19 19
18 17 21 13 19 16 20 15 13 13 21 19 14 15 15 16 20 21 18 18 20 10 21 20 12 14 14 21 15 15 15 18 18 21 19 11 16 11 17 15 17 19 11 22 20 14 20 21 16 14 11 16 19 21 18 17 13 16 20 16 20 21 20 18
12 16 17 14 13 17 15 11 14 14 20 14 14 17 14 18 17 17 17 20 15 9 20 17 9 12 14 16 15 9 13 13 16 17 21 12 15 12 15 12 18 14 12 16 15 12 12 18 15 16 12 10 18 17 17 13 11 17 19 14 12 16 15 18
10 12 13 12 13 12 15 9 13 13 13 10 9 11 13 12 14 12 14 16 11 7 16 13 11 6 10 17 12 13 13 13 11 12 14 9 15 12 11 11 12 13 9 14 13 8 10 15 12 13 7 8 12 14 16 11 10 14 18 10 12 14 9 12
15 19 19 19 17 16 15 12 13 11 17 15 16 14 15 15 21 17 22 20 12 10 17 17 10 11 17 21 13 19 18 16 19 18 18 14 18 18 17 9 18 16 12 20 19 16 17 23 18 18 17 14 17 18 21 17 16 16 21 14 17 11 19 16
14 14 18 17 14 13 15 13 8 12 19 13 17 14 15 14 17 13 21 15 19 12 16 15 12 12 15 15 16 17 14 17 21 16 16 13 15 13 19 13 15 16 14 16 17 16 20 19 18 16 12 13 17 18 18 13 15 15 17 15 15 16 15 14
15 20 16 19 20 22 16 12 14 17 23 17 19 17 17 17 20 18 21 22 16 9 16 18 11 10 16 19 13 15 17 14 17 20 17 16 14 19 18 16 15 15 15 17 16 16 17 22 16 15 18 18 16 14 16 15 17 15 18 17 19 15 17 17
12 18 15 11 17 16 12 11 17 14 14 11 13 16 12 16 16 12 19 21 15 7 15 12 8 10 10 14 11 12 14 13 13 15 16 12 13 11 17 11 13 16 12 13 13 13 15 22 13 12 15 13 15 14 15 15 17 10 15 13 14 16 16 10
16 18 13 15 18 15 17 13 13 11 20 13 14 15 14 14 17 15 18 17 13 10 17 15 9 12 16 16 16 14 15 14 19 16 18 10 13 15 14 15 12 13 18 20 14 12 14 21 15 16 13 14 17 17 16 12 12 13 17 13 14 17 18 15
16 20 17 23 19 15 22 13 14 17 24 15 20 18 17 13 28 18 22 19 16 7 20 19 13 11 23 19 18 18 14 17 21 21 18 14 16 20 22 17 22 17 16 22 22 19 19 24 19 19 17 15 20 20 20 19 15 20 21 16 18 16 19 14
14 22 17 20 17 15 24 16 19 13 21 11 18 20 17 19 21 19 23 21 19 9 19 17 12 12 17 22 18 15 18 19 20 19 19 14 15 15 19 15 17 18 12 19 20 16 14 23 16 16 15 15 19 15 17 20 17 17 22 16 19 18 19 16
15 18 17 15 14 16 15 9 12 11 20 13 14 15 14 13 17 14 20 19 12 9 15 14 11 11 10 14 11 16 15 13 18 16 15 12 12 14 13 10 14 15 14 13 10 14 17 22 13 11 17 11 13 10 17 12 13 11 16 10 15 14 14 16
14 14 18 14 17 16 18 13 10 11 19 15 13 12 14 12 17 13 22 19 16 10 15 16 9 11 14 20 13 16 13 15 16 15 16 10 14 13 14 11 18 16 13 20 15 14 18 17 14 11 14 11 14 17 19 13 12 11 14 14 20 14 19 15
17 20 16 22 20 19 21 17 19 16 21 16 18 19 22 16 21 15 23 24 19 11 24 20 16 12 17 22 21 15 22 21 21 20 19 15 19 17 19 20 18 19 14 19 20 14 16 23 18 20 19 17 20 17 17 18 16 19 23 17 20 19 19 21
16 18 17 19 14 14 11 12 12 11 18 17 15 14 13 16 19 18 13 17 12 9 20 14 9 11 18 18 9 14 14 17 16 14 19 13 12 12 18 12 16 13 13 19 17 16 14 22 13 16 16 13 11 17 14 15 13 15 21 14 16 14 19 18
16 19 14 16 15 12 19 13 10 11 15 14 11 15 15 13 14 12 18 16 11 11 15 13 11 10 15 17 15 14 14 14 15 15 12 11 14 13 12 14 18 14 10 15 14 13 16 17 14 13 12 12 15 15 16 14 12 15 18 19 15 12 13 15
19 22 18 21 21 21 18 17 16 18 27 23 20 22 20 23 24 22 23 24 19 14 26 19 15 15 20 21 20 20 19 25 22 23 23 16 20 15 20 19 22 23 22 20 22 17 19 28 19 19 18 22 20 21 23 22 20 20 22 17 21 19 23 22
15 19 17 16 15 17 19 14 13 11 18 14 16 17 16 16 19 16 18 19 19 12 19 19 12 13 14 17 15 15 17 14 15 16 17 14 15 12 18 16 20 16 12 17 17 15 15 18 18 14 14 15 15 16 17 17 14 17 17 12 16 16 20 18
14 18 13 16 15 15 18 12 13 13 18 14 15 15 16 14 17 17 20 18 14 11 16 20 15 13 15 16 16 16 16 17 19 19 16 11 14 12 16 16 14 17 17 13 15 16 16 21 13 14 14 17 15 17 17 15 12 16 14 14 17 15 17 17
15 20 19 18 18 19 15 15 13 14 22 19 19 17 14 16 16 16 18 21 20 13 20 14 13 14 16 18 9 17 18 17 16 16 16 19 17 16 18 12 21 20 14 22 18 18 16 25 16 18 16 15 14 16 18 20 18 18 21 12 20 18 22 17
12 18 19 15 16 19 16 14 13 15 17 14 16 15 15 15 15 11 22 16 14 10 18 16 10 12 12 16 16 15 15 15 17 17 14 11 20 14 14 12 18 19 12 14 16 11 14 19 14 14 12 11 17 19 20 15 12 16 15 14 16 18 19 14
18 17 16 15 15 15 14 16 15 12 22 15 17 16 14 18 15 17 16 17 19 10 20 15 15 11 13 18 13 19 18 15 14 18 17 10 16 13 15 13 14 17 13 18 12 14 13 20 17 14 11 14 15 17 15 15 15 15 20 12 18 18 17 17
18 23 17 18 17 19 24 16 14 16 20 14 15 14 20 15 19 15 21 22 16 9 18 18 17 14 18 23 16 22 16 20 20 22 17 13 14 18 16 15 17 23 13 22 18 16 20 22 17 16 20 14 16 17 18 15 17 14 19 19 19 17 17 18
16 24 22 20 18 19 22 16 17 16 23 16 18 21 16 18 21 23 27 24 20 12 21 21 15 16 15 19 20 18 17 16 22 19 19 14 19 16 18 16 21 21 15 22 16 19 19 23 19 17 16 17 21 21 21 18 14 21 19 18 19 21 20 20
14 21 17 16 19 18 17 13 18 17 18 17 14 20 15 18 15 18 19 22 17 12 19 15 12 9 16 18 15 15 18 14 16 18 17 14 16 16 17 14 15 19 12 15 18 12 16 18 15 13 14 13 16 15 17 19 15 15 16 16 18 16 19 18
15 17 16 15 18 17 19 18 12 14 21 17 14 14 15 14 17 17 17 20 17 11 20 17 12 12 14 17 15 18 14 19 18 17 16 12 17 15 14 13 14 19 12 19 21 16 18 22 15 11 15 12 18 18 18 15 17 13 20 17 17 18 17 18
13 14 12 12 16 15 10 12 11 11 18 19 16 17 16 12 13 13 18 14 14 12 16 15 12 10 14 10 11 11 13 14 15 19 13 12 13 12 13 11 17 16 13 12 15 14 14 17 11 12 12 15 14 16 11 14 12 12 13 12 14 15 15 16
17 24 21 19 19 19 20 15 13 14 24 18 18 18 19 17 20 18 23 21 20 12 22 19 14 18 18 22 18 17 19 18 23 20 20 17 19 15 15 14 15 18 15 21 20 19 19 22 14 18 17 12 18 19 23 14 13 15 22 20 19 20 20 19
18 19 17 18 17 13 13 13 13 14 19 16 16 15 16 18 18 16 19 17 15 12 23 15 9 11 16 20 14 17 16 17 17 17 17 12 19 14 17 10 15 16 15 19 13 13 20 23 15 17 12 13 15 18 16 16 14 16 24 15 18 14 20 13
16 18 16 12 16 17 15 11 12 10 21 17 18 18 16 15 17 14 20 18 16 12 20 16 9 10 15 19 12 15 15 15 19 17 17 13 18 15 17 6 17 18 14 16 16 9 18 22 15 15 15 11 15 16 18 15 15 8 16 12 17 19 15 19
9 17 12 11 17 14 15 9 12 13 15 15 13 14 15 16 17 14 22 17 11 9 15 15 13 7 13 13 10 12 11 14 16 20 18 10 14 11 16 12 15 14 10 15 17 16 18 20 13 12 11 14 16 16 17 14 16 10 14 13 15 14 14 12
17 18 23 20 21 14 15 14 14 15 21 14 19 18 16 18 19 15 23 18 17 13 20 15 11 11 17 17 17 16 16 18 20 16 18 17 20 18 20 12 17 15 14 22 19 18 16 25 17 19 14 12 18 21 19 14 18 19 23 17 18 20 21 16
16 18 18 17 18 17 19 15 13 13 22 12 19 14 13 16 20 16 21 18 15 11 18 21 13 13 17 19 16 16 17 19 21 18 18 17 13 15 23 15 17 14 14 18 16 15 20 25 18 18 17 13 17 16 18 16 17 18 17 13 18 18 19 17
18 21 19 17 19 12 16 14 13 14 21 19 14 17 13 15 18 15 17 16 17 13 19 9 9 11 18 19 13 16 14 11 19 15 16 15 21 13 17 11 19 15 12 20 19 15 13 24 17 15 14 14 13 16 21 15 16 13 18 16 20 19 21 19
16 22 19 18 13 18 19 15 17 13 22 14 15 17 16 17 16 19 22 23 17 13 17 15 11 14 16 22 14 16 16 15 19 17 23 15 16 15 17 14 18 23 13 19 17 12 15 24 18 18 17 15 17 18 20 19 16 20 18 14 16 18 18 22
14 17 16 14 15 9 11 9 8 10 14 13 12 14 10 10 12 13 18 15 11 10 14 14 12 10 13 11 8 15 13 10 15 16 14 12 14 12 13 11 14 16 10 14 11 13 17 19 15 10 15 8 11 15 16 14 9 14 16 11 14 13 17 11
18 19 20 15 23 21 20 15 18 15 23 14 18 20 19 20 20 17 22 22 16 14 19 19 15 12 15 18 17 20 16 22 19 18 17 12 17 15 18 17 16 17 17 17 15 15 19 25 16 15 14 14 19 18 18 11 18 17 21 15 16 21 18 18
16 17 14 15 18 11 10 9 11 12 17 14 16 15 11 9 19 15 17 15 12 12 16 15 10 11 14 12 9 14 12 12 16 16 14 13 15 13 17 10 14 10 13 14 16 13 18 20 17 13 16 11 13 17 13 11 13 12 16 11 13 14 17 13
21 26 23 22 22 18 19 18 17 19 27 21 23 19 18 21 24 24 24 24 22 14 25 23 14 16 18 24 16 19 19 17 20 20 23 17 21 18 24 15 21 19 21 23 18 20 20 27 22 20 18 21 18 25 21 21 17 21 21 15 21 21 25 20
11 20 14 16 15 11 17 13 10 12 17 11 12 13 13 10 18 14 21 19 14 7 15 14 10 8 15 16 13 14 15 10 21 14 15 13 13 15 16 9 13 14 11 18 17 16 16 19 12 13 14 10 17 16 18 13 11 14 18 13 13 15 13 14
15 15 17 14 19 17 13 12 13 14 20 18 16 16 19 16 19 15 19 18 16 11 19 16 12 10 12 14 16 12 13 17 16 17 17 12 15 14 16 14 15 15 13 15 18 10 15 20 13 17 12 15 18 15 14 13 14 16 17 13 12 18 13 18
19 18 15 15 15 14 18 14 14 11 18 15 13 16 14 16 20 20 17 20 14 13 19 17 11 12 14 19 16 17 17 18 18 15 15 10 17 14 18 13 20 14 16 20 16 14 17 23 20 17 16 18 14 16 17 15 18 13 16 12 19 14 17 18
21 20 17 18 18 18 20 15 15 17 24 16 15 21 21 18 20 13 23 20 17 14 22 15 12 16 16 19 21 19 19 22 21 21 19 14 18 16 19 18 17 21 20 20 16 14 21 24 20 20 18 16 20 16 20 17 16 18 20 16 22 21 22 18
13 17 14 13 20 15 17 15 12 13 22 15 17 19 13 14 19 20 21 23 16 11 19 22 14 13 13 15 17 18 19 16 22 18 16 12 14 11 17 13 17 16 18 17 16 15 17 24 18 15 16 15 19 17 17 16 13 16 17 8 14 20 18 14
16 20 21 22 16 15 17 14 15 16 23 16 16 21 16 16 19 17 21 15 18 13 21 17 12 13 19 19 15 16 15 16 19 17 16 19 19 20 17 12 20 18 14 21 17 16 15 20 19 15 15 14 19 18 17 18 12 21 21 16 19 19 25 21
