15 13 9 14 14 11 12 12 13 17 15 15 14 17 15 17 19 12 11 18 16 12 16 9 9 11 11 10 15 19 13 15 14 13 17 12 18 16 12 18 14 12 13 13 15 11 15 13 11 13 6 15 18 16 15 16 10 17 13 14 16 17 10 12
14 18 11 16 15 17 18 16 12 19 17 17 17 18 14 18 19 15 18 19 15 15 16 14 14 16 11 18 18 18 17 14 17 12 22 16 19 14 18 15 17 17 19 13 15 13 18 18 15 15 11 15 19 18 14 14 14 18 19 19 16 21 11 14
12 20 13 10 15 14 15 16 13 16 18 14 16 21 15 17 16 18 16 14 17 17 16 11 11 13 13 15 16 19 18 15 19 14 21 18 17 14 20 22 12 14 17 18 16 17 18 16 12 16 9 18 18 20 18 15 15 17 17 17 18 15 13 16
11 19 18 17 16 19 16 15 10 13 21 21 17 19 18 22 18 18 16 16 20 14 18 16 12 13 16 14 19 19 17 14 18 11 19 15 20 16 19 21 21 19 13 16 18 17 19 17 16 15 11 16 21 23 20 13 18 17 18 14 19 15 13 17
13 17 12 18 16 14 14 13 12 20 19 18 16 15 19 13 18 13 13 18 14 13 15 16 11 8 17 13 17 19 14 11 19 13 15 14 21 14 16 17 16 14 12 17 16 15 16 13 18 12 12 18 20 19 18 17 16 19 16 20 21 17 13 16
14 18 17 19 19 18 21 22 15 17 19 21 21 21 21 19 20 18 19 19 19 17 17 15 16 16 15 19 19 24 23 13 21 15 18 20 25 17 25 22 21 16 20 16 22 20 22 15 17 16 10 16 21 21 19 16 22 21 22 21 23 16 15 19
19 20 14 14 17 18 17 18 13 23 22 24 21 20 17 17 19 19 16 20 21 16 20 17 14 17 15 20 21 21 20 17 20 20 20 17 27 25 20 23 24 17 18 21 19 17 23 22 20 19 12 16 26 23 19 21 19 20 25 24 22 22 17 22
12 17 15 17 14 13 14 8 15 14 18 15 16 16 15 15 18 11 14 17 16 16 16 9 9 9 18 13 14 18 14 13 16 12 18 16 21 14 12 20 14 21 10 17 16 13 19 16 15 12 11 14 16 20 18 16 15 16 16 13 18 13 15 17
15 18 16 16 18 14 21 15 21 16 20 18 19 19 16 19 16 17 16 20 19 20 15 11 15 16 14 21 19 23 18 16 20 17 19 17 20 17 19 21 20 21 18 18 20 16 21 15 18 13 11 17 21 24 19 15 15 21 21 20 21 20 15 19
11 18 14 16 17 18 17 15 13 17 16 19 15 21 16 20 17 14 13 19 17 15 17 13 14 13 15 14 16 21 15 18 15 16 18 17 22 13 19 19 18 17 16 12 16 17 18 18 17 18 14 16 19 19 17 14 13 19 18 19 22 21 11 22
9 14 10 15 14 15 14 16 13 13 16 14 15 14 17 17 15 17 13 15 17 11 10 14 12 12 14 15 15 20 17 15 17 14 13 14 20 16 18 17 15 11 12 15 15 11 16 13 14 11 9 11 17 18 14 13 15 19 20 16 17 15 12 19
12 15 16 17 17 13 12 14 14 17 11 12 14 15 15 16 19 10 13 18 15 16 15 9 14 7 12 13 14 19 11 15 13 11 18 13 23 10 15 16 16 14 13 12 17 11 16 18 12 16 8 15 17 16 14 16 11 14 16 14 18 20 13 19
13 16 12 17 13 16 15 15 9 16 16 17 15 16 14 17 15 15 12 19 13 17 19 13 11 10 12 11 14 16 14 13 14 11 18 11 20 16 17 16 18 12 11 15 16 15 18 17 19 14 9 15 17 20 15 16 15 14 18 15 19 18 11 16
17 17 16 16 12 16 22 18 12 14 21 17 16 18 17 19 19 17 14 20 16 16 19 15 13 15 14 16 19 20 17 16 21 16 19 16 20 14 18 20 16 14 15 18 16 17 18 16 17 15 10 18 19 23 15 14 13 18 18 19 22 15 15 18
16 11 16 17 10 14 15 15 10 17 19 18 15 15 13 13 15 13 18 16 15 10 14 12 9 11 13 13 16 16 18 9 15 11 15 15 18 13 13 14 13 13 12 14 12 12 12 12 17 15 11 14 18 17 14 9 17 15 14 18 13 11 13 14
13 13 9 10 12 13 12 16 15 15 17 14 16 15 10 17 15 16 19 15 18 9 16 12 11 11 11 15 14 14 14 16 16 13 17 15 19 17 18 24 17 14 17 14 14 13 16 15 15 12 14 11 17 15 14 11 17 18 18 19 19 19 8 17
16 16 9 13 14 11 11 11 14 16 15 15 15 13 11 15 15 12 15 14 17 14 17 15 12 11 12 12 15 14 12 16 13 10 15 17 21 18 15 19 22 16 13 14 16 13 17 17 16 11 8 12 15 13 15 13 16 19 17 15 18 16 8 17
13 15 11 14 17 16 11 14 15 18 17 17 13 18 18 19 14 16 15 19 20 13 17 16 13 10 13 19 18 16 15 14 13 12 18 15 22 14 21 20 19 12 12 16 13 14 19 12 11 16 10 15 19 15 19 15 16 20 17 17 19 13 13 16
15 17 10 14 19 10 12 13 13 13 14 15 14 15 16 14 19 16 16 13 18 12 20 13 11 11 16 15 15 20 16 15 13 13 17 13 20 14 19 19 20 16 17 15 15 11 19 14 14 13 8 11 18 17 16 17 15 20 20 14 21 18 12 14
10 16 11 13 16 13 9 13 12 18 13 15 15 15 15 17 16 11 10 18 13 12 13 11 16 8 11 12 12 15 13 13 12 11 15 13 19 15 17 12 15 12 9 12 14 12 14 13 11 15 6 13 17 13 13 14 12 16 15 15 15 17 9 16
18 12 18 21 16 17 18 13 11 14 16 18 18 20 18 17 17 16 14 19 19 16 17 15 12 12 17 18 16 20 18 13 15 16 17 17 24 14 16 16 18 15 18 16 14 14 22 16 17 16 13 14 18 15 14 16 14 18 20 14 17 19 17 20
15 15 14 22 15 14 15 19 13 17 16 15 13 19 15 17 16 17 17 16 20 12 17 15 14 10 15 14 17 17 15 15 13 14 17 15 23 14 19 17 19 15 16 14 12 15 15 16 17 14 11 13 19 18 14 14 14 19 21 16 20 17 14 18
11 17 13 13 16 18 15 11 13 13 17 20 15 14 10 18 15 15 18 21 14 15 15 8 13 12 13 15 15 17 13 16 19 17 15 15 20 15 12 17 17 18 14 12 15 15 18 16 15 11 12 16 21 20 17 15 16 19 17 16 17 18 12 22
10 13 9 13 14 13 16 13 12 15 19 16 19 15 17 12 14 13 10 11 14 14 12 12 6 10 13 15 15 18 15 8 16 10 16 11 16 12 16 17 14 15 13 16 17 10 13 12 12 12 12 11 16 16 12 12 11 16 13 17 16 14 11 12
21 18 16 20 16 21 19 17 14 16 16 20 21 24 16 20 17 21 20 19 23 21 21 15 14 18 15 17 17 22 20 16 18 18 21 20 25 16 18 23 21 19 21 14 17 21 27 18 21 16 11 20 20 20 20 17 19 19 22 20 21 17 16 20
14 16 15 16 12 21 21 16 14 16 22 19 17 20 15 19 16 21 15 21 22 18 18 13 12 12 14 16 15 18 18 12 20 14 19 18 19 20 19 21 21 17 15 18 18 18 21 15 20 13 11 18 22 20 20 17 19 18 16 20 18 16 16 20
15 19 16 19 18 20 14 13 15 18 14 18 19 20 18 17 15 17 17 21 19 18 16 12 13 13 18 19 15 22 20 17 15 14 20 17 24 15 16 20 18 17 14 18 15 14 22 16 15 17 11 16 21 19 20 16 20 17 20 18 18 19 16 17
13 18 11 17 14 12 13 11 12 15 16 16 14 17 12 13 17 15 14 16 14 13 12 9 13 15 14 15 16 18 16 15 12 12 16 13 20 14 14 15 15 15 15 10 12 16 18 14 15 12 5 12 18 16 16 12 12 14 15 18 17 13 11 13
14 19 16 16 18 17 18 19 15 17 18 18 16 18 15 16 16 20 18 18 17 17 17 13 16 16 12 16 17 19 18 14 17 13 21 18 21 15 23 19 21 17 18 17 15 18 19 15 16 15 8 16 22 20 21 13 18 15 20 16 19 16 14 18
13 19 15 19 19 15 14 10 14 12 17 17 16 18 17 14 17 13 13 17 18 15 15 12 15 13 16 15 15 20 14 12 13 13 19 14 21 13 20 20 18 20 14 14 14 18 18 12 13 10 10 13 20 15 16 11 15 19 19 16 17 13 10 15
15 11 15 14 11 14 14 14 14 17 16 13 11 12 14 12 14 11 16 17 13 10 15 8 12 7 12 15 15 15 12 13 14 11 14 15 16 14 16 16 17 14 10 18 14 11 14 12 15 11 10 11 15 16 15 13 17 15 18 16 15 15 13 15
12 15 12 13 12 14 12 12 12 16 17 13 13 15 12 19 16 12 14 16 13 13 14 12 14 10 11 13 13 18 13 16 14 14 14 15 20 15 14 15 15 15 12 9 13 12 15 16 14 11 8 10 17 16 12 9 12 15 15 18 17 16 7 14
14 18 16 13 13 17 16 14 10 10 17 17 14 17 13 17 16 17 16 18 18 16 20 13 12 13 12 16 16 17 14 14 16 15 18 16 18 12 16 22 19 16 13 15 14 17 21 15 14 12 9 16 17 19 17 11 14 14 16 17 18 13 10 13
13 14 12 13 14 11 18 11 11 11 16 10 10 14 14 14 18 14 12 17 15 14 13 11 11 13 12 16 15 17 13 12 16 9 17 14 17 10 13 16 11 12 14 12 10 13 17 13 11 12 8 13 14 17 14 13 10 15 15 12 17 9 14 12
12 19 13 17 16 16 17 18 15 17 19 18 17 17 18 20 19 19 16 19 19 12 17 13 15 16 16 19 19 20 20 21 13 15 19 18 23 15 20 20 19 20 16 17 14 17 17 15 12 16 10 13 21 23 19 12 19 17 19 21 22 16 16 12
12 14 12 16 14 12 17 14 14 14 14 9 14 13 13 13 15 15 14 13 14 15 13 11 9 11 15 14 15 20 15 14 18 12 18 15 18 11 13 17 9 12 12 15 15 12 15 15 17 13 12 13 16 18 12 12 13 14 17 16 16 17 14 18
12 16 10 15 16 13 12 7 10 14 15 15 13 12 12 13 15 11 16 17 10 16 14 8 8 9 14 11 13 15 13 9 14 10 16 10 17 10 13 14 11 15 13 12 10 10 15 14 12 12 9 16 16 18 17 14 13 15 12 12 15 14 12 13
13 17 15 15 13 13 16 15 11 15 19 19 15 19 18 20 18 15 14 18 17 16 20 14 14 14 12 21 15 19 16 17 16 13 20 19 22 15 17 17 22 20 15 15 19 15 19 18 14 13 12 13 18 23 14 14 14 18 16 16 20 20 16 16
15 15 13 18 16 17 16 18 15 18 18 17 21 19 15 20 17 18 15 16 19 13 18 17 11 11 16 18 18 18 18 17 17 12 18 15 21 17 18 22 19 14 16 18 18 15 19 13 21 14 14 12 15 19 17 16 18 18 18 21 23 18 14 17
13 14 11 14 13 10 10 14 13 17 18 16 12 15 15 16 14 15 14 20 18 13 15 16 14 15 9 15 16 19 17 13 14 10 20 15 22 17 15 18 19 14 12 15 14 15 16 15 16 14 10 16 22 20 15 11 15 21 19 15 16 15 10 17
12 11 15 15 11 11 15 15 11 9 13 11 15 17 10 14 11 15 12 12 13 13 18 10 10 11 13 11 11 15 14 11 12 12 15 12 15 9 14 16 13 14 13 14 15 12 17 11 16 13 8 13 13 17 16 8 11 12 14 12 15 13 14 13
14 18 11 14 14 14 10 12 14 15 18 21 16 13 13 13 15 14 13 20 14 12 17 12 13 12 17 18 13 17 15 20 10 14 17 15 21 16 15 20 21 18 10 13 16 15 19 14 20 12 9 12 17 17 16 14 17 16 19 20 17 16 10 15
12 14 9 10 12 13 7 15 11 12 13 13 14 18 14 18 15 15 11 12 16 11 14 11 12 11 11 12 13 16 14 13 9 13 19 15 20 14 17 15 14 14 14 13 11 18 15 12 11 11 6 10 16 12 15 9 12 14 16 15 12 11 9 12
10 19 14 13 16 14 13 10 12 16 16 17 13 17 13 13 12 10 18 18 15 14 12 11 12 14 11 17 17 20 16 13 17 12 17 15 19 15 14 17 16 15 14 11 15 12 16 17 12 12 8 16 19 18 17 11 17 20 18 18 17 17 12 17
13 18 12 15 18 14 14 13 16 15 13 14 16 13 15 17 19 18 17 15 18 15 21 10 14 9 14 14 19 22 17 16 16 15 18 15 20 14 21 19 20 16 13 12 16 17 21 13 17 15 10 15 16 18 14 15 16 17 18 18 22 17 9 17
13 13 11 14 12 12 14 15 14 16 17 17 14 17 12 12 14 12 17 17 14 12 15 10 13 12 13 14 15 13 13 16 12 14 16 17 19 15 17 17 17 17 15 15 13 12 15 15 13 12 10 14 19 16 15 14 15 17 19 18 17 16 14 13
13 21 13 18 17 17 18 15 14 16 19 18 16 23 18 21 18 20 16 22 22 21 25 17 13 13 17 15 16 22 16 17 20 19 22 19 25 17 18 22 22 19 17 19 18 18 22 21 18 14 11 21 20 23 20 16 17 22 19 18 26 20 14 19
15 12 14 14 10 12 15 16 13 14 15 13 13 21 11 17 14 14 15 19 17 13 17 13 13 14 10 16 14 17 12 16 14 15 20 17 21 13 13 17 16 14 19 14 13 11 19 17 13 14 11 13 17 14 16 13 10 20 20 15 16 18 14 21
16 15 15 16 14 15 17 18 14 19 22 18 19 18 17 18 16 18 14 19 21 15 19 18 13 14 13 19 19 23 18 13 18 16 20 18 25 20 18 22 22 17 18 17 18 19 18 14 22 14 15 15 21 20 15 10 18 23 20 20 19 19 13 20
11 11 9 10 11 11 11 10 12 12 14 10 14 12 11 13 12 8 8 12 11 11 9 12 9 10 9 12 12 14 10 13 12 10 12 14 16 10 12 15 12 13 12 12 15 11 11 14 13 6 7 9 12 11 14 7 8 15 13 14 13 15 8 11
11 16 12 13 13 11 12 11 11 13 15 14 15 11 11 15 15 10 14 15 9 12 15 12 10 9 12 12 14 16 15 14 15 11 14 14 18 11 13 15 13 13 9 13 15 11 16 13 13 12 7 12 14 18 15 10 12 13 14 14 16 12 10 9
14 13 10 14 13 13 14 12 11 11 17 13 14 15 11 17 15 14 10 15 16 13 13 12 9 11 15 16 11 15 11 14 16 12 17 11 16 13 13 18 14 14 15 14 12 14 15 15 14 10 9 14 15 19 14 15 13 17 17 14 13 15 13 16
10 15 13 13 12 13 14 14 12 13 19 20 20 16 14 13 16 13 14 14 15 12 11 10 9 12 17 16 16 16 19 17 15 12 15 16 18 15 19 20 16 15 14 12 17 14 18 15 18 14 11 14 18 17 16 15 17 15 19 21 20 18 16 17
14 19 15 15 20 13 14 11 17 15 19 16 17 18 16 18 22 16 14 17 20 17 18 13 15 13 14 16 16 24 18 17 17 14 21 21 21 17 19 19 19 20 15 17 17 18 18 16 13 11 8 14 20 17 16 13 15 21 16 16 16 18 8 15
14 13 15 13 12 10 15 17 13 13 15 15 14 12 14 14 16 16 16 16 17 15 15 10 10 11 13 17 17 18 15 15 15 14 15 13 19 15 17 21 16 11 12 15 14 14 15 13 15 12 10 12 18 20 12 12 18 15 18 18 18 17 12 17
20 18 19 19 17 15 13 17 15 19 22 22 19 21 20 20 21 18 20 22 21 17 21 17 16 18 17 21 20 22 22 20 17 15 22 19 29 19 20 22 24 21 17 19 18 17 23 22 19 17 10 17 27 24 21 17 19 23 23 20 22 21 18 18
16 17 12 16 19 16 17 13 14 14 11 14 15 16 12 16 16 15 14 17 18 13 16 10 14 13 13 15 17 19 15 14 12 14 17 14 22 14 16 17 16 14 15 12 13 14 19 11 14 15 8 10 16 16 12 14 12 15 19 13 18 15 14 18
14 16 10 16 15 14 14 16 14 18 19 17 14 16 13 18 16 17 18 19 15 13 17 10 14 13 13 15 17 16 15 15 16 12 18 12 18 18 17 17 19 15 16 16 11 15 15 11 15 12 10 12 19 18 16 12 16 21 16 18 20 15 11 14
16 16 8 12 14 14 16 13 14 13 19 16 15 16 13 15 18 16 15 14 19 12 16 11 9 12 17 14 15 16 16 19 14 13 17 20 17 14 18 22 17 18 17 16 14 16 18 14 16 13 12 13 12 14 13 14 15 18 16 18 20 15 8 13
16 16 13 16 19 17 14 12 13 21 18 20 18 18 17 14 19 16 15 21 19 13 23 13 11 11 15 18 14 19 17 10 15 15 21 17 22 14 19 20 20 18 14 17 16 12 18 13 16 17 11 14 18 16 16 16 18 19 16 19 19 16 13 17
13 21 11 16 18 17 17 11 14 16 21 20 18 18 18 20 24 15 17 20 17 16 19 12 14 12 20 19 17 23 17 18 17 14 23 17 20 17 22 20 18 18 16 15 17 17 22 14 16 15 13 18 20 21 16 18 16 19 19 23 23 21 15 16
15 16 13 12 11 15 16 14 11 16 17 18 16 18 17 19 18 18 14 17 18 10 18 14 10 13 12 20 18 18 17 14 15 12 14 17 22 17 17 20 20 13 15 14 14 16 17 12 14 15 10 13 19 20 16 12 17 18 13 19 19 17 13 15
15 17 12 16 14 17 18 15 14 15 19 15 15 19 17 23 19 19 16 18 18 16 17 14 11 12 14 17 18 23 19 14 19 16 19 17 21 16 18 17 16 12 15 18 14 14 18 14 16 14 8 16 19 24 16 15 13 18 17 18 19 14 15 16
19 16 18 19 14 18 17 19 14 15 21 22 23 19 17 19 22 16 18 20 18 15 21 15 13 10 19 18 18 19 17 19 16 17 17 16 28 18 20 24 21 19 16 17 19 19 16 19 21 14 13 15 20 20 15 13 19 21 20 23 21 20 14 20
