1507 1544 1509 1143 1113 1409 1534 1352 1305 1199 1358 1326 1474 1332 1311 1246 1318 1082 1310 1455 1281 1521 1538 1555 1573 1297 1581 1308 1045 1253 1213 1305 1514 1420 1637 1220 1240 1422 1423 1383 1253 1176 1251 1480 1300 1305 1410 1376 1694 1421 1287 1376 1257 1419 1397 1249 1292 1406 1655 1550 1229 1685 1143 1218
1346 1489 1378 1277 1029 1367 1395 1257 988 1125 1229 1266 1259 1299 1205 1160 1306 1293 1245 1414 1300 1242 1421 1394 1377 1233 1381 1321 970 1231 1213 1428 1417 1293 1536 1238 1254 1286 1271 1085 1155 1142 1165 1409 1400 1203 1211 1437 1681 1154 1294 1229 1288 1418 1419 1249 1227 1388 1509 1604 1333 1549 1008 1166
1191 1439 1394 1358 1039 1341 1303 1298 1109 1144 1200 1321 1279 1177 1228 1074 1249 1182 1202 1489 1328 1443 1379 1479 1335 1083 1406 1109 970 1054 1110 1277 1362 1187 1489 1197 1215 1167 1275 1143 1241 1101 1177 1278 1222 1154 1240 1328 1517 1047 1109 1238 1301 1423 1333 1189 1189 1422 1548 1445 1237 1606 1059 1081
1331 1353 1296 1167 1007 1291 1214 1091 1043 1135 1125 1229 1193 1080 1001 1084 1253 1156 1162 1297 1194 1179 1275 1488 1352 1252 1355 1234 944 1141 1056 1296 1302 1072 1675 1280 1078 1215 1275 1112 1171 1130 1143 1125 1204 1054 1229 1346 1496 1140 1084 1080 1214 1350 1242 1121 1004 1298 1430 1521 1210 1495 1011 1136
1308 1422 1378 1305 992 1487 1239 1265 1160 1165 1259 1281 1405 1206 1318 1171 1307 1359 1286 1367 1263 1327 1449 1465 1355 1200 1332 1162 971 1152 1235 1428 1487 1024 1520 1288 1291 1178 1355 1196 1240 1196 1207 1272 1431 1184 1176 1322 1566 1232 1082 1254 1136 1473 1497 1269 1067 1334 1580 1496 1235 1637 1139 1270
1223 1451 1389 1189 1002 1213 1343 1251 1120 1146 1173 1188 1286 1153 1235 1121 1369 1031 1191 1247 1192 1415 1427 1341 1365 1070 1363 1123 870 1179 1076 1370 1386 1216 1505 1170 1282 1221 1225 1071 1062 1178 1039 1300 1215 1206 1151 1228 1501 1208 1146 1133 1264 1236 1375 1270 1142 1272 1477 1387 1180 1545 1099 1194
1316 1533 1425 1262 1101 1316 1352 1273 986 1143 1322 1305 1363 1384 1412 1294 1341 1242 1243 1413 1161 1517 1569 1420 1326 1228 1348 1115 1005 1225 1094 1233 1456 1295 1584 1214 1186 1461 1361 1252 1340 1223 1145 1285 1431 1269 1380 1416 1628 1277 1183 1329 1268 1359 1377 1242 1358 1492 1567 1464 1345 1619 1247 1167
1193 1427 1311 1095 792 1196 1292 1212 1119 941 1228 1196 1224 1202 1139 1103 1059 1022 1007 1253 1086 1197 1359 1225 1193 1218 1366 1182 953 1108 1169 1085 1314 1150 1395 1120 1119 1190 1313 1079 1237 970 1124 1266 1075 1278 1186 1198 1521 1235 1010 1171 1169 1194 1245 1193 1113 1377 1453 1336 1115 1424 1116 1176
1318 1478 1469 1272 1197 1501 1379 1315 1238 1131 1282 1383 1298 1241 1327 1181 1335 1278 1285 1470 1249 1529 1620 1412 1436 1170 1490 1174 937 1278 1261 1289 1393 1340 1557 1352 1189 1378 1526 1137 1275 1185 1245 1603 1253 1209 1196 1425 1650 1236 1206 1359 1360 1427 1373 1199 1283 1471 1637 1540 1303 1694 1200 1167
1338 1504 1407 1434 1132 1350 1350 1181 1248 1312 1376 1286 1498 1304 1408 1152 1383 1411 1423 1355 1253 1458 1467 1599 1553 1358 1450 1333 1102 1406 1336 1416 1471 1346 1744 1396 1331 1332 1321 1331 1268 1231 1203 1305 1412 1209 1329 1411 1666 1360 1119 1375 1374 1331 1422 1361 1263 1469 1548 1459 1542 1700 1173 1259
1406 1480 1285 1253 1033 1370 1415 1128 1270 1205 1372 1360 1355 1304 1337 1174 1235 1255 1145 1332 1175 1334 1493 1318 1425 1316 1468 1135 1113 1331 1265 1268 1404 1231 1524 1265 1135 1275 1355 1362 1251 1073 1141 1276 1262 1318 1390 1418 1617 1395 1141 1185 1245 1300 1388 1217 1235 1421 1502 1427 1284 1607 1182 1180
1313 1538 1352 1232 994 1174 1363 1181 1073 1118 1191 1216 1171 1130 1139 1106 1207 1100 1150 1362 1149 1340 1325 1371 1458 1157 1382 1165 968 1197 1094 1249 1277 1284 1500 1061 952 1163 1179 1201 1172 1041 1072 1171 1262 1166 1153 1350 1500 1148 1169 1161 1307 1234 1262 1124 1195 1278 1597 1282 1161 1536 912 1042
1293 1455 1393 1327 1159 1475 1330 1273 1198 1120 1236 1398 1418 1234 1325 1165 1373 1313 1326 1295 1193 1378 1501 1544 1527 1339 1451 1211 1105 1223 1299 1352 1436 1330 1541 1269 1242 1394 1412 1260 1294 1161 1207 1420 1391 1274 1257 1330 1527 1293 1156 1293 1337 1465 1321 1274 1166 1523 1621 1559 1345 1692 1071 1229
945 1197 1159 1093 954 1092 983 1020 1056 836 1147 1043 1187 925 1109 1018 1148 1029 999 1189 1054 1173 1287 1182 1144 866 1198 967 804 1089 953 1067 1139 1004 1349 968 1081 1134 1045 927 1115 1085 1015 1153 929 1044 1009 1088 1251 1063 948 1100 1014 1077 1013 950 1031 1092 1267 1255 1021 1290 968 1094
1247 1335 1280 1144 1137 1244 1329 1142 1040 1013 1057 1249 1261 1013 1130 1223 1158 1036 1124 1281 1104 1218 1270 1335 1317 1023 1255 1077 1052 1094 1119 1200 1330 1081 1417 1146 1082 1135 1136 1149 1195 1126 1011 1110 1222 1129 1201 1241 1347 1236 1033 1091 1160 1268 1245 1065 984 1138 1459 1317 1117 1505 978 1092
1275 1337 1281 1160 906 1225 1239 1288 982 1160 1061 1271 1143 937 1125 1027 1144 1197 917 1161 956 1271 1468 1233 1250 1198 1234 1142 1019 1014 1112 1121 1262 1021 1361 1076 963 1168 1159 1153 1046 1006 1131 1137 1055 1128 1078 1281 1480 1047 933 1060 1193 1258 1126 1073 1143 1259 1394 1337 1133 1368 924 1082
1121 1277 1237 937 955 1101 1262 1143 978 950 1009 1179 1132 1052 1104 1063 1038 984 917 1071 946 1235 1260 1179 1069 1019 1074 1022 906 1077 973 1029 1227 1076 1247 1036 974 1172 1141 1012 982 832 913 1087 1090 1030 1121 1106 1295 1133 1020 1032 1071 1099 1055 1062 1046 1245 1373 1259 1045 1380 955 1033
1340 1571 1448 1355 1170 1347 1436 1378 1243 1235 1303 1360 1333 1242 1360 1319 1414 1237 1226 1357 1209 1510 1585 1440 1523 1175 1429 1242 957 1357 1171 1374 1392 1243 1678 1327 1177 1456 1425 1232 1274 1275 1327 1201 1242 1248 1343 1519 1625 1358 1240 1256 1304 1337 1414 1324 1241 1446 1643 1432 1345 1745 1295 1224
1418 1560 1491 1169 1146 1397 1548 1330 1319 1268 1338 1342 1413 1314 1364 1340 1380 1238 1146 1464 1201 1532 1592 1537 1532 1212 1411 1401 1046 1364 1170 1298 1589 1393 1716 1397 1250 1487 1506 1327 1298 1234 1242 1371 1254 1403 1545 1375 1606 1484 1231 1295 1227 1369 1507 1239 1272 1461 1762 1647 1391 1706 1236 1372
1304 1439 1330 1093 951 1261 1275 1079 1053 1168 1238 1227 1332 1240 1127 1153 1172 1214 1186 1265 1180 1252 1409 1370 1373 1268 1468 1296 1025 1186 1180 1324 1357 1122 1433 1253 1077 1231 1116 1151 1126 1106 1141 1315 1261 1171 1199 1276 1495 1345 1163 1252 1204 1252 1333 1320 1112 1352 1445 1507 1246 1590 1041 1231
1418 1525 1324 1093 1130 1234 1247 1206 1138 1180 1244 1214 1377 1283 1248 1249 1265 1077 1195 1357 1069 1377 1425 1493 1490 1368 1345 1204 978 1316 1102 1173 1489 1255 1622 1200 1083 1367 1346 1198 1343 1176 1200 1260 1356 1203 1277 1348 1651 1279 1039 1227 1255 1423 1190 1189 1197 1364 1427 1632 1371 1566 1168 1079
1099 1213 1137 1103 969 1102 1134 1151 1073 988 1235 1199 1168 988 1311 1087 1060 1129 891 1228 1076 1273 1255 1306 1147 1003 1128 1011 830 1096 1063 972 1329 956 1264 1163 1042 1180 1253 1242 1135 1008 1080 1124 1152 1054 1250 1181 1324 1325 1075 1033 1009 1152 1123 948 1019 1252 1310 1332 1179 1424 983 1109
1253 1413 1334 1267 1019 1412 1269 1199 1128 1185 1253 1352 1283 1176 1268 1132 1236 1198 1078 1216 1158 1273 1498 1480 1383 1226 1366 1228 963 1146 1217 1293 1379 1223 1527 1214 1110 1293 1348 1260 1221 1079 1274 1226 1225 1240 1294 1305 1592 1262 1123 1234 1229 1371 1306 1254 1203 1438 1524 1545 1143 1557 1109 1131
1367 1633 1576 1410 1207 1437 1644 1424 1176 1301 1392 1542 1520 1233 1482 1281 1596 1414 1338 1545 1242 1498 1708 1669 1517 1275 1565 1347 1045 1310 1163 1436 1619 1266 1755 1352 1384 1521 1454 1364 1385 1356 1276 1401 1445 1271 1418 1395 1675 1403 1304 1347 1439 1507 1444 1348 1348 1550 1645 1709 1353 1730 1097 1355
1289 1606 1449 1286 1137 1398 1383 1315 1201 1195 1248 1465 1429 1321 1335 1252 1284 1294 1354 1534 1287 1429 1622 1629 1592 1176 1469 1273 1114 1276 1334 1405 1527 1410 1578 1267 1347 1363 1351 1216 1286 1201 1294 1401 1288 1301 1270 1394 1620 1330 1251 1313 1402 1532 1455 1282 1274 1446 1603 1594 1307 1769 1146 1248
1374 1659 1411 1437 1107 1381 1454 1254 1238 1262 1237 1386 1259 1321 1324 1231 1402 1226 1183 1433 1180 1385 1507 1434 1557 1205 1449 1268 929 1304 1150 1428 1407 1385 1622 1368 1212 1351 1422 1258 1274 1238 1170 1369 1310 1401 1228 1414 1665 1299 1136 1096 1483 1312 1477 1258 1271 1376 1549 1506 1250 1712 1049 1241
1125 1341 1125 1017 971 1233 1302 1082 1170 999 1064 1129 1163 996 1077 978 1308 975 1143 1114 956 1305 1343 1284 1302 1105 1137 1145 789 1071 961 1114 1211 1110 1467 1120 1070 1272 1121 1063 1114 1187 1060 1114 1163 1079 1187 1189 1318 1220 1053 1012 1143 1184 1151 995 1113 1207 1322 1435 1187 1430 1006 1118
1264 1619 1397 1273 1004 1244 1408 1266 1107 1288 1242 1269 1229 1235 1278 1182 1381 1220 1153 1372 1110 1406 1538 1366 1253 1134 1304 1234 967 1158 1128 1219 1426 1320 1634 1217 1206 1248 1237 1115 1273 1058 1125 1335 1197 1309 1330 1381 1579 1124 1080 1146 1385 1325 1295 1124 1322 1306 1463 1520 1168 1480 1116 1076
1437 1523 1350 1234 1190 1456 1319 1312 1177 1187 1201 1279 1449 1379 1269 1322 1298 1191 1230 1437 1210 1363 1437 1481 1400 1256 1482 1372 1069 1105 1065 1238 1434 1169 1609 1225 1204 1409 1236 1127 1216 1130 1153 1379 1348 1218 1409 1421 1664 1205 1127 1257 1191 1358 1250 1327 1176 1275 1483 1548 1288 1625 1084 1171
1064 1128 1014 928 855 1046 1131 848 920 958 904 1040 967 925 916 885 983 979 840 1061 835 1077 1114 1105 1166 1018 1022 832 790 985 900 827 1042 1027 1191 1029 799 1106 1128 1128 1042 820 916 956 969 893 1142 960 1189 997 827 890 1033 1061 1036 810 945 1190 1174 1102 993 1249 867 843
1356 1492 1474 1297 1086 1306 1382 1259 1020 1183 1368 1355 1228 1184 1233 1236 1251 1200 1122 1338 1180 1377 1539 1478 1385 1140 1369 1171 936 1190 1145 1217 1316 1333 1624 1338 1153 1318 1256 1347 1282 1169 1211 1327 1229 1312 1361 1342 1421 1258 1150 1261 1327 1467 1391 1269 1316 1553 1562 1475 1316 1623 1330 1281
1506 1641 1461 1376 1219 1357 1519 1330 1293 1374 1299 1356 1340 1355 1347 1343 1383 1282 1208 1439 1266 1489 1621 1559 1545 1282 1525 1386 1131 1328 1253 1362 1528 1201 1782 1299 1310 1390 1408 1427 1320 1259 1246 1337 1283 1336 1460 1458 1824 1440 1132 1324 1432 1438 1468 1380 1260 1542 1709 1539 1364 1726 1260 1269
1637 1657 1509 1400 1288 1653 1502 1371 1391 1323 1566 1460 1528 1491 1411 1434 1364 1405 1351 1634 1474 1600 1576 1797 1653 1372 1628 1366 1213 1407 1350 1424 1704 1454 1794 1492 1418 1466 1620 1474 1396 1257 1376 1684 1438 1502 1564 1574 1702 1474 1357 1411 1407 1655 1572 1321 1237 1574 1841 1745 1461 1824 1302 1383
1239 1348 1370 1231 1090 1387 1215 1156 1120 1015 1182 1351 1253 1209 1240 1172 1194 1098 1213 1291 1168 1311 1197 1403 1320 1195 1319 1280 990 1132 1250 1163 1363 1213 1411 1175 1153 1109 1295 1090 1220 1071 1126 1333 1258 1259 1168 1233 1542 1232 1091 1299 1253 1304 1209 1259 1122 1393 1527 1470 1249 1580 968 1167
1280 1456 1324 1244 1117 1313 1395 1258 1172 1111 1166 1349 1293 1217 1244 1197 1224 1144 1203 1260 1093 1313 1460 1347 1296 1096 1286 1181 1008 1123 1158 1203 1403 1260 1453 1277 1214 1286 1227 1230 1123 1114 1016 1296 1384 1239 1322 1393 1403 1245 1146 1180 1202 1341 1358 1090 1192 1304 1585 1392 1183 1659 1075 1127
1503 1703 1639 1424 1254 1457 1584 1429 1358 1400 1373 1367 1526 1351 1470 1335 1509 1299 1382 1468 1291 1599 1717 1680 1674 1325 1530 1512 993 1345 1388 1464 1600 1283 1935 1441 1397 1465 1517 1510 1448 1317 1375 1356 1433 1414 1419 1505 1876 1495 1188 1413 1523 1532 1570 1325 1345 1473 1852 1693 1394 1752 1288 1438
1349 1394 1436 1061 1195 1349 1364 1284 1204 1086 1229 1356 1425 1115 1252 1200 1203 1127 1124 1433 1105 1446 1379 1492 1424 1202 1364 1234 1059 1182 1100 1227 1371 1198 1494 1235 1179 1252 1337 1210 1078 1116 1074 1252 1246 1196 1376 1314 1522 1349 1079 1186 1235 1456 1251 1167 1137 1379 1488 1473 1296 1590 1087 1087
1480 1750 1734 1427 1251 1440 1555 1472 1274 1334 1570 1446 1602 1545 1659 1451 1546 1480 1416 1565 1385 1716 1694 1757 1598 1519 1616 1512 1194 1485 1410 1435 1691 1554 1955 1449 1456 1603 1518 1424 1554 1309 1349 1491 1511 1533 1556 1675 1840 1535 1340 1438 1526 1582 1444 1432 1443 1583 1797 1743 1576 1827 1374 1378
1041 1263 1231 912 914 1031 1359 1098 967 847 942 1016 1021 1041 1040 901 1088 996 1062 1095 1001 1227 1259 1175 1118 1091 1118 1012 829 972 975 959 1148 1176 1270 1041 1013 1190 1154 996 1002 919 904 1120 1112 978 1093 1229 1315 990 1113 948 1180 1112 1134 966 996 1164 1264 1095 1061 1291 867 875
1438 1568 1287 1132 1002 1365 1458 1229 1269 1213 1227 1199 1259 1286 1242 1236 1265 1101 1148 1302 1216 1293 1490 1549 1385 1126 1481 1320 1020 1252 1083 1286 1480 1164 1730 1170 1318 1312 1338 1154 1139 1113 1257 1262 1222 1139 1280 1432 1615 1346 1180 1192 1240 1419 1364 1170 1091 1257 1588 1477 1217 1663 1134 1219
1162 1370 1319 1163 1007 1332 1285 1201 1015 1104 1207 1356 1302 1048 1193 1131 1285 989 1011 1171 1058 1323 1270 1404 1192 1069 1210 1199 923 1093 1053 1195 1329 1336 1448 1182 1138 1222 1157 1069 1087 1087 1124 1295 1058 1131 1251 1133 1376 1235 1026 1119 1190 1209 1182 1238 1203 1345 1336 1459 1275 1444 1081 1139
1366 1421 1335 1142 1124 1352 1245 1166 1254 1128 1240 1213 1392 1299 1284 1213 1282 1237 1170 1308 1176 1412 1400 1476 1347 1429 1441 1183 1016 1254 1264 1190 1459 1225 1457 1284 1115 1329 1318 1272 1254 1014 1186 1349 1414 1245 1302 1348 1529 1338 1179 1276 1240 1419 1301 1069 1148 1372 1730 1437 1308 1570 1132 1231
1477 1627 1515 1436 1155 1418 1549 1297 1285 1100 1446 1467 1339 1289 1309 1200 1383 1297 1341 1511 1281 1479 1595 1478 1516 1302 1600 1350 1005 1327 1295 1423 1387 1354 1766 1368 1249 1294 1382 1270 1358 1334 1269 1486 1383 1542 1463 1452 1641 1324 1330 1338 1413 1486 1551 1262 1308 1607 1735 1585 1305 1694 1235 1307
1225 1485 1476 1312 1136 1508 1341 1177 1116 1065 1281 1392 1287 1362 1387 1301 1331 1280 1263 1443 1288 1446 1458 1447 1425 1285 1364 1312 903 1235 1206 1333 1517 1381 1586 1258 1273 1371 1491 1124 1319 1255 1218 1493 1419 1445 1411 1302 1657 1339 1254 1360 1342 1370 1415 1299 1256 1437 1575 1608 1272 1586 1113 1143
1477 1634 1469 1226 1266 1343 1556 1371 1262 1204 1336 1345 1420 1292 1288 1240 1442 1329 1332 1549 1287 1485 1647 1598 1523 1323 1584 1368 1149 1386 1235 1431 1466 1293 1762 1413 1195 1531 1324 1237 1274 1261 1162 1320 1424 1246 1439 1550 1628 1354 1266 1335 1323 1559 1432 1293 1217 1483 1664 1614 1442 1723 1292 1259
1084 1337 1254 1066 931 996 1267 1166 994 1027 975 1145 940 954 1063 962 1167 990 1049 1111 999 1243 1375 1243 1135 945 1250 1044 852 979 981 1119 1185 1000 1356 1072 1033 1086 1029 970 1077 964 853 1133 1080 1083 971 1164 1235 1035 883 1094 1192 1282 1228 912 945 1184 1429 1152 1024 1435 999 1086
1637 1662 1425 1430 1249 1440 1486 1387 1259 1308 1321 1349 1389 1363 1380 1282 1333 1346 1211 1530 1280 1445 1650 1628 1623 1354 1665 1310 1047 1263 1340 1428 1512 1335 1746 1371 1419 1517 1447 1454 1306 1239 1339 1484 1394 1362 1377 1556 1724 1399 1197 1285 1471 1573 1499 1326 1268 1503 1713 1597 1304 1746 1245 1326
1314 1479 1399 1176 1222 1376 1412 1300 1102 1093 1303 1241 1317 1196 1286 1259 1355 1255 1260 1399 1261 1399 1457 1471 1483 1201 1426 1314 1012 1230 1175 1363 1512 1274 1652 1304 1280 1402 1386 1231 1227 1263 1200 1382 1268 1241 1400 1378 1528 1338 1228 1253 1131 1353 1366 1322 1242 1338 1585 1444 1409 1550 1146 1340
1447 1679 1522 1340 1356 1405 1526 1329 1261 1157 1402 1400 1391 1327 1379 1305 1435 1376 1316 1455 1353 1563 1576 1643 1684 1417 1474 1328 1081 1437 1324 1437 1516 1451 1714 1390 1343 1547 1471 1360 1386 1336 1272 1553 1442 1469 1482 1460 1740 1443 1336 1285 1472 1501 1536 1422 1287 1647 1648 1580 1418 1708 1185 1226
1398 1507 1363 1182 1098 1272 1467 1198 1155 1190 1246 1370 1321 1224 1287 1220 1270 1133 1139 1231 1099 1389 1523 1537 1319 1304 1397 1192 1077 1343 1160 1124 1400 1339 1580 1318 1139 1447 1420 1254 1276 1080 1185 1346 1250 1242 1198 1436 1574 1240 1194 1171 1365 1374 1283 1090 1160 1394 1517 1551 1273 1465 1080 1172
1334 1391 1373 1182 1037 1334 1271 1214 1184 1212 1166 1199 1345 1256 1248 1182 1238 1206 1232 1227 1110 1330 1473 1444 1563 1295 1422 1284 1009 1248 1149 1277 1332 1345 1565 1183 1240 1367 1290 1232 1162 1087 1076 1309 1168 1266 1185 1337 1597 1253 1122 1245 1246 1331 1312 1279 1170 1308 1531 1384 1274 1570 1075 1168
1365 1313 1278 1138 998 1315 1232 1235 1142 1183 1132 1201 1233 1145 1184 1114 1273 1341 1212 1282 1143 1322 1475 1440 1349 1307 1461 1232 965 1049 1200 1206 1368 1046 1477 1300 1206 1290 1376 1197 1129 1098 1160 1396 1189 1054 1185 1292 1643 1274 1033 1204 1223 1419 1409 1183 1065 1432 1507 1456 1312 1581 1132 1157
1348 1497 1399 1292 1134 1359 1435 1132 1154 1102 1332 1328 1378 1263 1426 1299 1205 1270 1164 1435 1233 1391 1508 1480 1410 1257 1488 1374 917 1351 1273 1225 1425 1125 1763 1350 1313 1444 1419 1269 1351 1245 1217 1375 1234 1242 1301 1489 1717 1428 1268 1318 1308 1329 1412 1343 1159 1384 1592 1596 1356 1638 1169 1325
1392 1439 1425 1247 1161 1417 1318 1203 1074 1118 1348 1238 1393 1189 1284 1252 1305 1267 1191 1448 1206 1428 1400 1389 1458 1316 1405 1225 1033 1246 1214 1347 1461 1156 1531 1356 1053 1303 1259 1260 1282 1283 1151 1240 1347 1264 1363 1462 1633 1274 1070 1254 1184 1443 1415 1244 1265 1384 1559 1415 1429 1541 1136 1244
1349 1506 1462 1208 1246 1394 1446 1371 1277 1215 1242 1390 1404 1330 1433 1260 1357 1381 1249 1501 1300 1468 1607 1551 1412 1328 1415 1335 981 1196 1279 1287 1507 1254 1582 1267 1338 1380 1349 1243 1227 1131 1152 1541 1462 1354 1390 1301 1587 1349 1257 1321 1273 1575 1367 1304 1223 1445 1576 1662 1335 1678 1118 1291
1516 1606 1505 1296 1356 1512 1435 1354 1389 1301 1408 1509 1561 1428 1487 1392 1503 1267 1300 1414 1241 1618 1687 1592 1515 1303 1547 1382 1020 1389 1267 1400 1621 1313 1607 1479 1368 1519 1429 1278 1302 1385 1346 1550 1402 1370 1382 1512 1812 1555 1232 1362 1406 1456 1517 1392 1367 1572 1722 1688 1440 1777 1272 1457
1227 1412 1333 1260 1054 1209 1344 1218 1084 1250 994 1237 1177 1223 1210 1117 1313 1164 1135 1344 1169 1377 1436 1410 1369 1133 1375 1268 972 1034 1096 1316 1440 1156 1580 1188 1126 1231 1179 1167 1239 1212 1223 1130 1335 1236 1323 1380 1538 1151 1096 1210 1232 1312 1354 1153 1083 1315 1598 1558 1235 1600 1095 1107
1519 1522 1454 1352 1118 1459 1362 1291 1159 1113 1401 1318 1370 1351 1321 1221 1307 1258 1239 1374 1266 1385 1419 1426 1559 1437 1484 1255 1043 1384 1435 1364 1461 1323 1607 1359 1166 1413 1472 1371 1424 1135 1174 1412 1501 1373 1360 1417 1666 1356 1199 1251 1281 1365 1388 1279 1273 1474 1749 1593 1369 1684 1205 1284
1275 1407 1335 1129 1126 1256 1195 1129 1197 1194 1169 1260 1288 1113 1242 1236 1248 1191 1154 1330 1137 1295 1404 1490 1331 1157 1332 1189 1001 1200 1224 1245 1478 1169 1474 1258 1125 1157 1283 1156 1192 1065 1089 1363 1216 1242 1179 1306 1462 1286 1152 1221 1214 1352 1329 1049 1055 1184 1583 1517 1134 1477 979 1136
1322 1478 1279 1249 1046 1446 1399 1241 1202 1120 1133 1330 1274 1332 1335 1288 1175 1199 1061 1333 1141 1314 1441 1455 1322 1226 1400 1305 985 1179 1125 1184 1360 1258 1551 1247 1302 1418 1380 1148 1225 1129 1229 1374 1227 1299 1294 1420 1548 1293 1160 1173 1221 1363 1324 1266 1072 1382 1505 1549 1242 1532 1140 1165
1188 1341 1277 1061 994 1197 1345 1080 1057 1071 1156 1079 1330 1099 1189 949 1192 1001 1138 1154 1036 1340 1431 1388 1287 1095 1235 1147 799 1083 1090 1171 1246 1091 1521 1184 1041 1259 1194 1130 1076 1084 975 1118 1251 1070 1156 1239 1347 1134 1127 1092 1149 1174 1175 1061 1082 1150 1476 1437 1117 1404 936 1030
1484 1523 1308 1197 1100 1288 1272 1260 1193 1104 1201 1197 1254 1198 1143 1300 1211 1212 1231 1226 1124 1306 1362 1533 1411 1275 1335 1278 1083 1227 1203 1261 1388 1172 1653 1312 1171 1342 1293 1199 1246 1176 1210 1262 1287 1174 1285 1444 1585 1309 1069 1183 1187 1386 1363 1330 1089 1361 1580 1416 1340 1646 1255 1184
1215 1344 1213 1107 1046 1188 1203 1042 1140 1046 1134 1190 1264 1098 1151 1089 1203 1143 1044 1271 1028 1293 1365 1385 1260 1136 1185 1051 829 1198 1106 1200 1264 1002 1394 1177 1065 1185 1289 1216 1035 1189 1169 1163 1224 1034 1099 1253 1626 1221 1048 1099 1134 1268 1176 1160 1169 1288 1307 1417 1160 1414 1054 959
1397 1571 1603 1383 1081 1453 1604 1364 1374 1365 1372 1446 1578 1367 1499 1240 1431 1365 1402 1578 1310 1636 1655 1569 1483 1418 1617 1326 1025 1288 1306 1375 1435 1296 1730 1479 1353 1493 1333 1332 1425 1379 1348 1346 1352 1316 1486 1570 1657 1443 1278 1454 1409 1505 1507 1428 1296 1661 1605 1652 1467 1751 1358 1325
