1288 1334 1330 1289 1463 1213 1084 1560 1343 1209 1259 1071 1190 1222 1175 1203 1220 1233 1165 1414 1277 1336 1189 1242 1050 1429 1145 1336 1250 1170 1103 1425 1219 1207 1107 1446 1259 1192 1399 1326 1347 1141 1236 1089 1248 1102 1092 1348 1087 1473 1137 985 1176 1300 1265 955 1256 1032 1330 1289 1232 1239 1260 1204
1199 1174 1026 1153 1354 1118 1017 1383 1224 1162 1154 1074 1014 1094 1113 1100 1140 1023 996 1119 1068 1206 1081 1220 1029 1151 1200 1146 1072 1026 1071 1269 1154 1180 1132 1244 1092 1156 1137 1069 1266 1098 983 1049 1025 887 1033 1142 1034 1215 1081 1120 1076 1114 1138 1032 1213 1006 1234 1189 1183 1173 1076 1040
1479 1418 1253 1471 1602 1238 1181 1638 1349 1325 1248 1336 1448 1377 1221 1253 1536 1262 1344 1202 1434 1513 1318 1386 1278 1477 1405 1411 1392 1195 1189 1364 1369 1494 1292 1476 1373 1378 1540 1294 1543 1283 1233 1215 1269 1126 1292 1351 1278 1509 1378 1325 1423 1418 1413 1147 1519 1160 1423 1499 1374 1341 1448 1204
1390 1305 1185 1239 1299 1085 1050 1502 1171 1295 1027 1200 1184 1342 1123 1223 1234 1105 1230 1391 1237 1225 1175 1282 1025 1409 1186 1283 1170 1319 1062 1262 1135 1139 1182 1357 1177 1125 1296 1157 1324 1261 1094 1121 1198 977 1110 1184 1017 1264 1098 1090 1227 1266 1189 989 1262 971 1250 1154 1189 1117 1289 1182
1417 1308 1201 1444 1542 1199 1140 1649 1450 1473 1221 1177 1297 1316 1194 1384 1358 1181 1206 1224 1280 1421 1294 1415 1107 1429 1361 1352 1377 1270 1061 1554 1270 1408 1182 1473 1266 1290 1460 1363 1452 1410 1163 1327 1297 1083 1233 1252 1134 1708 1178 1116 1292 1450 1417 1035 1323 1195 1469 1402 1337 1272 1288 1215
1687 1601 1319 1422 1684 1366 1226 1767 1363 1497 1331 1353 1388 1424 1326 1457 1465 1390 1388 1515 1386 1514 1318 1623 1275 1578 1266 1448 1462 1434 1312 1456 1384 1438 1442 1696 1430 1457 1585 1399 1459 1488 1400 1307 1489 1108 1326 1386 1292 1646 1420 1295 1454 1501 1415 1210 1591 1363 1450 1446 1464 1158 1563 1368
1599 1544 1225 1446 1533 1251 1219 1583 1356 1316 1325 1411 1428 1388 1390 1436 1362 1342 1401 1445 1396 1381 1454 1319 1326 1471 1301 1277 1339 1235 1277 1451 1451 1424 1431 1573 1379 1363 1440 1339 1477 1324 1353 1307 1424 1165 1321 1368 1298 1461 1258 1280 1244 1288 1372 964 1454 1358 1502 1448 1410 1386 1422 1406
1366 1262 1187 1114 1463 1118 1094 1569 1157 1328 1213 1298 1309 1253 1290 1191 1249 1262 1176 1431 1405 1287 1178 1331 1108 1419 1099 1176 1191 1203 1225 1377 1358 1430 1239 1436 1402 1461 1451 1242 1346 1251 1363 1220 1321 1116 1177 1201 1227 1349 1257 1191 1282 1313 1253 924 1288 1175 1256 1157 1293 1081 1357 1289
1453 1488 1189 1324 1561 1210 1141 1594 1347 1372 1135 1303 1298 1276 1303 1448 1314 1232 1319 1468 1505 1416 1402 1401 1147 1511 1235 1312 1339 1202 1177 1461 1329 1324 1325 1571 1262 1425 1462 1356 1422 1277 1349 1195 1347 1093 1187 1308 1218 1457 1264 1232 1282 1476 1462 1014 1376 1168 1416 1344 1371 1360 1441 1318
1422 1387 1305 1394 1456 1131 1149 1572 1345 1331 1291 1192 1394 1291 1308 1335 1393 1433 1224 1399 1375 1511 1272 1419 1272 1587 1223 1342 1442 1412 1230 1359 1371 1466 1250 1572 1358 1300 1516 1352 1459 1400 1297 1389 1299 1095 1284 1273 1238 1601 1283 1148 1377 1447 1277 1116 1368 1264 1455 1459 1282 1240 1475 1238
1506 1450 1276 1433 1558 1194 1238 1577 1229 1481 1270 1336 1371 1437 1340 1262 1409 1164 1385 1427 1381 1342 1309 1400 1216 1433 1282 1308 1368 1224 1282 1473 1358 1451 1269 1508 1388 1301 1502 1270 1509 1195 1333 1331 1431 1057 1281 1382 1275 1476 1321 1408 1273 1432 1339 1033 1385 1356 1436 1339 1395 1245 1416 1309
1504 1471 1261 1357 1532 1207 1216 1497 1379 1392 1193 1458 1331 1402 1513 1316 1289 1166 1308 1458 1504 1407 1360 1310 1336 1459 1269 1171 1364 1372 1272 1577 1357 1330 1267 1595 1238 1349 1433 1353 1463 1291 1332 1324 1414 1130 1338 1282 1264 1512 1326 1195 1157 1373 1352 1176 1423 1333 1358 1387 1428 1349 1473 1230
1637 1525 1387 1477 1686 1280 1299 1744 1478 1578 1253 1552 1575 1403 1447 1507 1566 1487 1458 1511 1743 1579 1600 1473 1236 1602 1332 1370 1575 1453 1394 1463 1563 1551 1556 1738 1483 1594 1579 1589 1644 1533 1564 1437 1461 1248 1305 1427 1424 1558 1470 1379 1409 1517 1550 1125 1498 1294 1519 1591 1553 1282 1575 1534
1679 1502 1262 1529 1679 1300 1296 1715 1412 1496 1356 1431 1437 1342 1451 1442 1574 1334 1378 1443 1446 1524 1384 1572 1189 1565 1316 1431 1278 1346 1220 1599 1449 1466 1309 1620 1427 1526 1504 1404 1498 1427 1404 1349 1557 1298 1314 1520 1219 1739 1282 1342 1492 1451 1539 1215 1650 1405 1477 1458 1494 1391 1576 1292
1570 1347 1256 1458 1457 1194 1083 1550 1316 1298 1301 1251 1361 1320 1395 1420 1416 1316 1343 1431 1507 1330 1241 1444 1289 1609 1426 1345 1269 1337 1205 1334 1261 1346 1377 1634 1359 1449 1390 1252 1490 1484 1432 1390 1419 1244 1293 1264 1337 1427 1154 1230 1394 1390 1388 1002 1330 1221 1376 1480 1322 1263 1513 1281
1581 1454 1280 1453 1577 1197 1155 1649 1241 1501 1189 1332 1385 1265 1248 1244 1388 1358 1389 1457 1461 1606 1327 1538 1288 1375 1302 1307 1358 1454 1217 1380 1428 1373 1307 1535 1457 1347 1510 1465 1498 1503 1269 1363 1443 1179 1325 1367 1186 1525 1283 1217 1416 1418 1502 1145 1497 1202 1527 1445 1418 1345 1423 1214
1487 1452 1243 1362 1602 1304 1260 1722 1416 1542 1148 1352 1424 1244 1314 1410 1467 1238 1229 1460 1348 1530 1322 1493 1173 1455 1348 1416 1354 1429 1250 1433 1508 1445 1351 1690 1372 1395 1446 1378 1543 1314 1300 1373 1321 1114 1334 1456 1228 1520 1298 1223 1293 1353 1515 1225 1542 1256 1514 1488 1481 1250 1536 1353
1466 1342 1090 1103 1547 1137 1107 1337 1232 1102 1101 1112 1191 1266 1168 1152 1271 1052 1165 1118 1228 1300 1255 1367 1048 1151 1026 1147 1245 1055 1051 1221 1274 1354 1266 1309 1192 1129 1255 1149 1510 1228 1138 1180 1322 996 1207 1247 1111 1288 1175 1071 1131 1393 1281 1011 1228 1177 1246 1248 1242 1085 1230 1220
1375 1366 1092 1239 1501 1136 1162 1510 1266 1322 1019 1309 1082 1295 1174 1275 1287 1212 1193 1257 1370 1319 1225 1312 1128 1317 1209 1207 1300 1256 1099 1406 1274 1454 1235 1332 1263 1207 1417 1242 1410 1277 1124 1232 1192 1004 1140 1214 1196 1349 1218 1142 1184 1449 1448 1016 1308 1147 1230 1254 1292 1263 1245 1151
1257 1214 1056 1232 1323 1046 1103 1255 1108 1114 1066 1113 1185 1110 1043 1114 1229 1008 952 1100 1229 1300 1121 1111 1012 1257 1036 1090 1147 1012 1076 1194 1131 1158 1073 1405 1095 1078 1258 1034 1261 995 1025 1017 1138 986 998 1094 1143 1219 1118 1070 1027 1318 1260 911 1207 1132 973 1206 1081 1071 1160 1187
1531 1429 1343 1426 1513 1161 1201 1680 1245 1528 1234 1343 1351 1394 1349 1335 1383 1270 1272 1401 1481 1494 1240 1406 1245 1609 1328 1305 1309 1484 1348 1521 1404 1357 1333 1598 1397 1394 1467 1319 1406 1437 1336 1344 1346 1241 1241 1289 1278 1497 1259 1175 1438 1467 1445 1220 1357 1218 1302 1431 1257 1127 1514 1331
1234 1314 998 1283 1399 1092 1105 1586 1240 1291 1139 1218 1239 1156 1177 1260 1357 1184 1206 1320 1228 1319 1085 1329 1064 1465 1176 1287 1214 1306 1228 1327 1380 1255 1154 1437 1248 1384 1344 1443 1365 1172 1336 1236 1238 970 1138 1208 1241 1476 1222 1118 1184 1295 1265 1067 1293 1143 1337 1327 1273 1087 1377 1193
1612 1435 1281 1387 1587 1242 1232 1683 1315 1378 1268 1458 1463 1333 1400 1347 1480 1300 1301 1317 1543 1503 1350 1419 1267 1453 1351 1327 1405 1341 1280 1431 1442 1402 1437 1700 1431 1370 1524 1317 1479 1364 1396 1355 1397 1197 1279 1274 1341 1512 1236 1352 1432 1476 1513 1165 1417 1291 1274 1571 1311 1237 1529 1471
1652 1525 1337 1530 1663 1356 1297 1733 1459 1485 1304 1494 1511 1377 1364 1402 1423 1380 1459 1505 1522 1522 1585 1548 1236 1550 1313 1426 1521 1362 1335 1500 1443 1597 1528 1669 1522 1370 1615 1485 1538 1520 1393 1341 1524 1205 1385 1450 1182 1652 1372 1219 1480 1481 1503 1136 1683 1312 1469 1518 1506 1251 1547 1436
1598 1496 1123 1484 1558 1141 1176 1687 1242 1550 1266 1389 1405 1424 1423 1375 1419 1257 1405 1492 1367 1547 1315 1558 1269 1436 1323 1435 1309 1488 1338 1440 1377 1381 1358 1591 1436 1323 1438 1320 1360 1391 1334 1345 1382 1144 1355 1416 1210 1586 1213 1353 1336 1514 1290 1195 1545 1313 1388 1420 1497 1250 1403 1404
1397 1394 1166 1389 1428 1118 1194 1538 1202 1255 1078 1282 1250 1281 1227 1309 1310 1188 1204 1310 1337 1316 1193 1283 1116 1444 1222 1346 1229 1276 1251 1531 1261 1337 1263 1454 1310 1215 1401 1322 1285 1326 1255 1268 1273 1070 1262 1237 1284 1530 1272 1104 1249 1351 1365 1108 1406 1192 1232 1251 1258 1078 1395 1179
1532 1367 1189 1441 1476 1140 1230 1667 1390 1527 1102 1390 1399 1270 1317 1370 1428 1328 1226 1287 1378 1416 1422 1319 1261 1465 1351 1346 1351 1286 1161 1506 1404 1412 1166 1616 1292 1317 1510 1441 1460 1302 1252 1372 1328 1121 1299 1375 1325 1584 1277 1178 1256 1370 1494 1101 1445 1240 1464 1501 1489 1332 1542 1226
1607 1592 1415 1509 1640 1302 1244 1659 1421 1412 1355 1383 1412 1426 1419 1336 1644 1296 1358 1451 1366 1496 1391 1478 1190 1448 1327 1411 1450 1375 1205 1537 1404 1578 1364 1560 1385 1283 1442 1415 1673 1278 1376 1486 1485 1210 1379 1513 1261 1655 1440 1346 1324 1574 1436 1256 1599 1416 1519 1548 1517 1385 1561 1338
1478 1497 1108 1257 1456 1225 1065 1593 1239 1278 1224 1286 1242 1314 1260 1208 1339 1097 1258 1218 1306 1393 1254 1396 1163 1278 1210 1204 1099 1320 1040 1406 1282 1342 1258 1498 1209 1354 1343 1289 1418 1198 1236 1286 1269 1084 1221 1299 1164 1441 1175 1161 1333 1319 1338 1124 1370 1244 1329 1312 1283 1214 1291 1204
1515 1349 1240 1333 1457 1178 1096 1617 1398 1304 1104 1272 1266 1352 1318 1349 1378 1209 1162 1298 1364 1311 1276 1362 1263 1464 1388 1321 1398 1405 1129 1336 1301 1424 1280 1616 1264 1247 1402 1292 1448 1196 1224 1326 1159 1116 1336 1355 1176 1504 1217 1191 1243 1332 1427 1158 1290 1110 1446 1425 1430 1257 1373 1280
1442 1312 1234 1159 1471 1199 1087 1493 1320 1279 1113 1299 1230 1254 1220 1198 1226 1183 1154 1245 1369 1385 1355 1402 1065 1210 1095 1221 1365 1360 931 1283 1242 1408 1318 1491 1233 1138 1287 1268 1422 1241 1140 1262 1192 1100 1128 1162 1083 1416 1223 1127 1228 1366 1324 1179 1266 1153 1196 1198 1291 1161 1224 1320
1238 1299 1070 1226 1404 1028 1070 1497 1123 1437 1117 1196 1166 1157 1235 1122 1407 1035 1166 1248 1078 1280 1144 1274 1047 1123 1096 1142 1134 1226 1009 1300 1183 1309 1133 1293 1098 1110 1198 1151 1302 1075 1194 1196 1231 876 1115 1246 1082 1334 1073 1140 1179 1041 1160 1079 1297 1149 1418 1182 1218 1038 1271 1064
1630 1496 1402 1487 1694 1252 1396 1870 1476 1637 1489 1440 1516 1383 1393 1423 1671 1531 1502 1573 1659 1601 1593 1438 1384 1759 1297 1568 1487 1466 1397 1647 1455 1552 1415 1762 1454 1509 1652 1548 1616 1492 1542 1351 1538 1371 1280 1509 1504 1680 1379 1499 1568 1537 1597 1119 1603 1354 1573 1610 1396 1354 1645 1456
1616 1543 1331 1471 1589 1277 1345 1650 1486 1564 1280 1440 1430 1310 1502 1465 1482 1401 1426 1665 1547 1493 1594 1433 1276 1651 1264 1364 1334 1431 1292 1568 1397 1525 1357 1766 1364 1486 1522 1567 1508 1429 1506 1494 1604 1306 1351 1533 1316 1672 1293 1329 1404 1496 1506 1073 1483 1424 1559 1431 1503 1404 1520 1388
1534 1439 1431 1554 1643 1372 1264 1633 1429 1440 1301 1232 1443 1321 1357 1427 1508 1393 1323 1558 1493 1581 1421 1482 1212 1601 1308 1486 1544 1318 1231 1461 1397 1451 1467 1753 1440 1287 1529 1444 1557 1408 1307 1360 1347 1227 1430 1345 1332 1668 1448 1331 1464 1495 1474 1237 1517 1222 1556 1484 1384 1249 1495 1359
1640 1661 1330 1390 1582 1306 1317 1597 1342 1577 1305 1404 1463 1360 1455 1416 1518 1279 1352 1567 1493 1504 1510 1532 1232 1441 1224 1245 1453 1366 1249 1481 1315 1508 1349 1649 1419 1348 1652 1383 1585 1311 1308 1438 1570 1061 1441 1419 1212 1545 1364 1276 1281 1499 1397 1143 1512 1351 1531 1440 1534 1322 1502 1353
1409 1477 1142 1317 1476 1138 1159 1475 1119 1257 1211 1157 1347 1291 1219 1184 1227 1130 1239 1376 1394 1469 1282 1450 1169 1257 1088 1257 1145 1307 1294 1324 1464 1240 1326 1608 1341 1333 1431 1269 1408 1272 1217 1266 1201 1162 1234 1201 1216 1268 1217 1195 1187 1384 1309 1050 1270 1224 1311 1213 1324 1170 1184 1357
1478 1386 1258 1407 1485 1212 1170 1627 1190 1385 1247 1225 1460 1269 1270 1295 1291 1301 1288 1378 1443 1497 1279 1486 1262 1434 1255 1335 1273 1269 1228 1374 1469 1378 1360 1505 1488 1390 1464 1301 1424 1480 1323 1375 1423 1193 1350 1273 1180 1452 1148 1092 1350 1468 1339 1015 1387 1221 1417 1433 1322 1268 1381 1334
1509 1495 1361 1355 1425 1213 1180 1537 1310 1349 1287 1371 1280 1365 1341 1262 1424 1207 1198 1399 1432 1466 1166 1388 1170 1341 1282 1265 1354 1339 1192 1394 1323 1296 1298 1469 1392 1329 1470 1337 1431 1301 1256 1314 1275 925 1286 1248 1177 1532 1353 1176 1283 1532 1229 1188 1433 1157 1364 1509 1369 1285 1317 1198
1580 1462 1197 1492 1478 1214 1167 1588 1344 1478 1231 1433 1450 1307 1271 1242 1429 1369 1318 1421 1432 1472 1283 1402 1231 1438 1338 1389 1358 1286 1255 1424 1470 1264 1325 1651 1522 1339 1528 1323 1474 1327 1195 1265 1385 1188 1276 1226 1371 1367 1227 1261 1319 1524 1420 1059 1448 1198 1379 1432 1426 1386 1391 1402
1502 1469 1278 1449 1473 1252 1178 1536 1345 1259 1250 1261 1362 1281 1255 1299 1373 1261 1167 1388 1427 1344 1280 1407 1110 1480 1154 1331 1271 1236 1160 1426 1423 1350 1193 1537 1338 1276 1323 1328 1484 1284 1319 1196 1353 1123 1249 1293 1246 1391 1248 1157 1317 1489 1345 1044 1492 1223 1303 1400 1319 1225 1368 1305
1540 1556 1212 1504 1598 1247 1156 1665 1338 1481 1293 1455 1413 1449 1356 1324 1515 1239 1344 1399 1423 1388 1345 1531 1155 1444 1303 1363 1349 1295 1270 1553 1365 1443 1320 1482 1358 1419 1470 1337 1585 1352 1373 1319 1415 1128 1376 1327 1287 1506 1337 1366 1287 1441 1302 1169 1516 1318 1337 1340 1539 1353 1362 1346
1404 1281 1086 1175 1386 1122 1027 1340 1190 1289 1158 1177 1095 1223 1238 1264 1189 1198 1238 1326 1251 1309 1282 1231 1098 1322 1166 1153 1187 1239 1087 1257 1281 1266 1237 1513 1170 1268 1324 1195 1215 1308 1171 1251 1163 982 1139 1125 1116 1441 1101 1053 1137 1261 1277 963 1216 1239 1304 1245 1305 1190 1207 1148
1597 1296 1233 1331 1365 1147 1170 1449 1134 1443 1213 1271 1363 1193 1186 1223 1405 1245 1225 1205 1443 1526 1319 1419 1341 1258 1110 1218 1510 1321 1034 1263 1311 1414 1319 1525 1384 1251 1469 1278 1507 1372 1085 1292 1277 1122 1143 1310 1218 1397 1215 1268 1267 1465 1326 944 1409 1223 1425 1373 1336 1383 1262 1281
1515 1424 1249 1425 1577 1249 1118 1654 1414 1529 1243 1368 1412 1347 1269 1291 1372 1163 1267 1477 1404 1440 1364 1483 1241 1380 1330 1346 1372 1339 1205 1479 1484 1479 1385 1651 1408 1422 1428 1405 1547 1463 1243 1458 1271 1181 1432 1309 1372 1480 1340 1315 1429 1404 1441 1129 1461 1286 1438 1424 1413 1241 1369 1360
1362 1416 1282 1279 1452 1220 1216 1601 1186 1317 1194 1238 1282 1235 1166 1357 1381 1201 1291 1381 1377 1401 1244 1361 1203 1435 1191 1325 1251 1348 1123 1403 1139 1315 1261 1422 1256 1270 1472 1352 1476 1284 1183 1410 1329 1093 1208 1426 1164 1517 1310 1176 1260 1301 1448 1068 1337 1273 1422 1238 1328 1358 1364 1200
1461 1285 1272 1353 1522 1162 1169 1434 1425 1314 1237 1236 1303 1353 1339 1309 1336 1184 1191 1334 1395 1436 1396 1276 1060 1441 1161 1243 1180 1182 1069 1409 1311 1470 1251 1441 1170 1304 1325 1230 1347 1318 1298 1226 1276 1053 1163 1255 1286 1497 1200 1142 1276 1344 1366 1038 1283 1291 1334 1355 1295 1135 1339 1261
1404 1508 1155 1295 1430 1264 1118 1510 1222 1279 1046 1319 1182 1168 1316 1302 1203 1206 1209 1352 1365 1287 1353 1369 1211 1309 1163 1103 1220 1166 1044 1343 1237 1473 1172 1455 1163 1167 1371 1336 1358 1198 1241 1374 1331 949 1144 1335 1213 1331 1180 1110 1317 1259 1460 957 1328 1205 1332 1288 1263 1294 1385 1114
1422 1329 1258 1340 1462 1171 1210 1470 1249 1322 1240 1209 1334 1320 1243 1227 1388 1086 1163 1301 1265 1481 1208 1335 1036 1332 1180 1228 1134 1223 1060 1268 1303 1279 1304 1428 1195 1264 1319 1234 1388 1189 1154 1221 1226 960 1183 1280 1088 1409 1325 1129 1227 1224 1312 1136 1353 1145 1355 1273 1214 1048 1276 1189
1535 1357 1174 1378 1548 1253 1149 1560 1140 1368 1197 1312 1451 1383 1320 1323 1463 1224 1379 1404 1436 1469 1287 1452 1195 1441 1326 1383 1255 1248 1142 1286 1380 1327 1299 1500 1364 1372 1475 1061 1372 1381 1185 1341 1333 1193 1287 1396 1204 1367 1122 1178 1328 1388 1365 1128 1421 1213 1406 1357 1546 1316 1458 1266
1546 1538 1361 1488 1526 1239 1179 1548 1284 1412 1164 1365 1452 1395 1445 1354 1481 1271 1357 1490 1484 1528 1340 1436 1155 1389 1242 1341 1343 1523 1235 1338 1269 1415 1442 1635 1412 1286 1469 1344 1513 1346 1291 1348 1356 1157 1398 1365 1154 1618 1339 1307 1248 1328 1211 1193 1489 1328 1396 1370 1421 1299 1447 1313
1490 1443 1192 1331 1532 1218 1197 1635 1391 1483 1133 1303 1358 1355 1356 1442 1451 1333 1372 1474 1544 1475 1458 1475 1229 1374 1358 1358 1445 1353 1080 1373 1334 1634 1452 1645 1395 1292 1497 1372 1511 1316 1358 1419 1252 1218 1300 1330 1294 1541 1248 1275 1407 1424 1375 1142 1385 1198 1468 1417 1458 1327 1301 1288
1302 1375 1189 1320 1385 1060 1212 1430 1118 1257 1315 1237 1175 1165 1239 1174 1378 1061 1185 1348 1410 1346 1152 1290 1086 1312 1033 1248 1162 1155 1074 1376 1271 1221 1137 1348 1212 1174 1353 1133 1290 1220 1215 1181 1210 1021 1132 1185 1108 1276 1131 1051 1178 1412 1265 1011 1370 1142 1149 1300 1242 1212 1206 1182
1363 1299 1123 1225 1460 1075 1089 1324 1403 1224 1087 1245 1239 1187 1280 1359 1262 1191 1069 1387 1246 1268 1330 1275 1038 1435 1234 1102 1280 1203 1068 1298 1214 1431 1203 1460 1233 1184 1345 1285 1395 1168 1156 1316 1275 1000 1234 1259 1243 1411 1180 1033 1100 1293 1336 1086 1188 1183 1257 1292 1329 1179 1368 1201
1353 1081 1102 1115 1303 996 1005 1273 1160 1279 947 1046 1227 1076 1144 1134 1234 951 1130 1260 1179 1307 1148 1301 912 1168 1053 1119 1137 1174 886 1082 1246 1205 1139 1448 1217 1138 1181 1082 1290 1061 1043 1050 1147 966 1042 1182 1018 1163 1036 1134 1070 1248 1092 941 1213 1051 1192 1110 1199 1045 1242 1128
1382 1408 1261 1396 1694 1241 1229 1612 1299 1355 1223 1231 1318 1358 1279 1369 1363 1225 1285 1429 1382 1456 1275 1301 1184 1403 1326 1190 1263 1215 1346 1481 1288 1372 1249 1508 1328 1272 1468 1292 1340 1284 1296 1309 1337 1174 1270 1383 1310 1481 1272 1135 1197 1242 1509 1092 1246 1254 1356 1282 1401 1147 1310 1254
1184 1128 945 1082 1290 933 1047 1358 1246 1124 995 1084 1157 985 1086 1174 1158 1118 968 1230 1189 1276 1076 1163 915 1195 993 1166 1050 1169 1027 1051 1260 1090 1119 1363 1091 1212 1237 1268 1251 1093 1020 1081 1025 809 999 1065 1086 1247 1197 998 979 1086 1245 862 1093 1003 1291 1213 1130 935 1193 1120
1365 1248 1177 1526 1489 947 1154 1522 1203 1182 1140 1282 1344 1305 1197 1189 1353 1144 1134 1233 1484 1407 1063 1298 1094 1311 1223 1292 1212 1281 1228 1377 1335 1191 1274 1430 1407 1267 1364 1209 1302 1419 1202 1139 1193 1220 1215 1148 1209 1390 1169 1210 1227 1396 1327 996 1255 1092 1233 1287 1296 1151 1189 1352
1426 1329 1186 1216 1562 1162 1263 1564 1214 1294 1191 1330 1356 1223 1291 1162 1298 1210 1299 1281 1345 1446 1242 1389 1130 1248 1206 1273 1261 1152 1217 1396 1400 1322 1245 1484 1351 1343 1471 1232 1423 1258 1290 1172 1443 1120 1084 1187 1262 1358 1268 1302 1233 1376 1319 941 1382 1146 1243 1212 1281 1218 1354 1275
1459 1223 1109 1142 1340 1164 1127 1428 1190 1206 1211 1165 1221 1181 1231 1311 1255 1146 1160 1242 1228 1282 1280 1307 1067 1381 1149 1200 1169 1242 1166 1268 1263 1332 1238 1563 1182 1289 1358 1153 1319 1239 1211 1246 1206 964 1057 1174 1154 1357 1051 1115 1196 1245 1203 1017 1193 1243 1208 1184 1237 1036 1310 1268
1408 1234 1165 1200 1415 971 1160 1394 1148 1311 1046 1272 1325 1174 1180 1157 1357 1108 1206 1198 1248 1327 1192 1283 1106 1284 1138 1179 1224 1249 1181 1208 1273 1296 1197 1315 1263 1323 1395 1237 1357 1314 1143 1268 1321 1014 1126 1220 1038 1479 1214 1210 1141 1208 1258 1005 1250 1199 1363 1241 1298 1222 1360 1102
1699 1526 1456 1568 1546 1342 1322 1722 1465 1467 1358 1330 1506 1378 1358 1636 1568 1366 1382 1535 1559 1561 1454 1503 1246 1587 1444 1428 1366 1429 1267 1468 1472 1371 1460 1757 1450 1419 1545 1491 1596 1434 1359 1543 1464 1152 1381 1409 1334 1541 1352 1267 1445 1469 1565 1206 1477 1268 1568 1601 1404 1292 1533 1418
1313 1362 1207 1317 1378 1107 1224 1498 1314 1361 1189 1236 1205 1212 1290 1311 1344 1102 1183 1412 1362 1343 1344 1335 1108 1328 1233 1303 1217 1297 979 1430 1274 1338 1268 1565 1196 1208 1331 1235 1386 1140 1212 1246 1279 1107 1087 1249 1103 1276 1163 1154 1254 1288 1402 1093 1407 1100 1389 1240 1288 1296 1341 1208
1422 1197 1266 1328 1424 1208 1069 1542 1236 1347 1034 1296 1324 1335 1194 1219 1321 1102 1177 1260 1356 1326 1246 1291 1081 1297 1281 1243 1236 1237 1074 1316 1233 1267 1264 1451 1271 1165 1306 1135 1423 1251 1188 1169 1191 1047 1182 1239 1181 1277 1104 1143 1297 1256 1226 1060 1339 1045 1332 1361 1295 1093 1310 1304
