0 0 0 0 15 121 0 0 0 7 21 42 8 9 0 57 0 39 20 0 0 0 42 75 0 30 0 36 0 0 7 0 0 0 0 15 0 0 0 0 0 0 54 0 0 35 0 0 30 0 0 0 81 42 0 0 21 0 0 27 0 0 0 0
0 0 0 42 0 0 0 0 0 19 29 0 0 15 0 0 0 40 0 0 0 0 0 39 14 18 12 24 0 0 9 0 14 0 81 0 15 93 18 24 0 0 0 0 81 0 12 0 0 35 0 0 0 18 0 0 78 0 0 0 30 0 6 0
0 0 12 28 6 16 0 0 0 0 0 0 0 12 45 18 0 0 40 30 9 0 0 32 0 0 0 16 0 0 0 0 0 15 0 6 0 0 0 0 0 0 0 18 48 14 0 0 18 0 0 0 15 20 18 0 32 24 0 0 25 36 0 0
0 0 0 0 9 18 0 0 36 0 0 36 6 0 45 30 0 0 25 0 25 0 0 54 0 0 0 0 10 0 0 0 63 10 0 0 0 9 0 0 72 0 0 0 5 10 0 0 0 0 0 36 0 63 42 54 0 0 0 0 48 0 0 40
0 5 0 64 4 63 0 0 64 0 58 0 0 7 0 32 15 0 0 0 9 0 16 0 0 27 0 0 0 0 32 0 0 0 0 1 0 0 14 64 0 25 40 0 16 0 0 0 0 32 4 0 63 0 2 0 40 0 0 21 0 0 15 0
0 35 0 4 0 0 0 0 42 0 0 12 8 4 0 0 50 4 0 0 0 0 0 0 0 0 20 20 0 0 0 0 0 0 0 0 0 0 0 0 0 12 24 42 0 20 0 0 0 36 0 0 0 0 12 0 14 0 0 0 0 63 0 0
0 0 0 0 0 0 0 0 3 0 0 0 0 0 0 0 0 0 0 0 0 0 4 0 0 0 0 0 0 0 0 0 0 0 24 0 0 0 0 0 0 0 0 0 0 0 0 0 0 0 0 0 0 0 0 0 0 0 0 0 0 0 27 0
0 18 0 42 33 32 21 0 50 0 8 36 6 0 36 66 0 0 16 35 0 0 0 86 0 0 0 0 0 0 8 0 0 0 0 12 0 0 0 0 0 0 0 0 0 28 8 21 24 10 8 36 0 0 42 54 0 0 0 0 48 0 0 0
0 0 0 0 0 0 0 0 0 7 21 0 0 0 0 0 0 35 27 0 0 0 9 35 0 0 0 0 0 0 7 81 63 0 0 63 0 0 0 0 0 0 0 0 0 63 0 0 0 0 0 0 27 42 0 0 21 0 0 0 0 0 0 0
81 0 77 0 8 10 0 0 18 0 72 0 0 0 0 32 96 0 54 0 63 29 63 32 72 0 48 0 0 18 0 0 27 36 35 3 0 0 40 0 0 25 56 0 0 0 15 45 0 0 66 45 0 0 25 0 0 45 0 0 72 0 76 0
0 0 0 78 25 0 18 0 12 10 2 0 0 0 0 0 0 7 0 30 0 0 36 28 0 0 0 28 0 0 0 0 0 0 63 0 0 16 0 0 0 0 0 0 0 0 9 18 0 0 0 0 0 0 0 0 48 0 0 0 0 0 0 0
0 28 34 0 0 20 6 0 0 0 3 0 0 0 0 0 12 0 0 0 0 16 0 0 0 0 52 27 0 0 0 9 0 0 0 0 0 8 32 0 0 44 0 0 0 0 33 0 0 0 0 0 36 0 20 21 0 0 12 0 0 0 0 18
54 10 10 0 7 20 0 0 12 0 77 52 0 0 0 28 4 0 0 0 24 28 12 0 104 0 0 45 0 8 0 15 0 24 27 0 32 32 0 0 0 20 49 12 0 0 0 30 0 8 36 0 0 0 0 0 4 30 20 0 30 18 42 30
12 12 0 6 3 0 3 0 24 14 0 0 0 0 0 0 4 0 0 30 0 0 16 0 0 6 7 0 6 0 0 0 0 0 63 0 0 23 6 0 0 3 0 6 67 0 0 3 0 0 0 16 9 0 5 0 2 0 6 0 0 39 18 14
0 8 6 1 10 0 0 0 0 0 16 0 0 6 0 0 33 0 0 0 45 6 40 12 0 87 5 63 0 0 0 0 0 0 0 50 0 0 65 40 0 43 0 18 40 0 0 0 0 9 20 30 0 9 8 0 99 0 0 30 45 0 34 0
0 0 5 0 9 7 0 72 6 0 8 28 0 0 0 8 0 9 30 19 30 0 28 9 0 20 0 24 93 0 0 0 9 12 37 2 0 0 0 36 7 45 36 0 30 12 0 0 18 5 0 0 0 0 10 0 0 54 0 0 8 27 54 48
0 63 15 0 2 0 0 0 0 15 34 0 29 0 0 0 0 25 21 0 27 0 14 0 0 1 0 27 1 0 30 0 0 5 0 3 4 24 7 0 0 2 0 0 8 0 55 0 0 35 40 0 0 0 10 24 0 0 21 0 0 0 0 0
0 0 0 40 90 0 0 0 40 15 51 0 14 0 0 56 0 42 24 0 0 7 8 35 7 0 6 63 0 49 30 72 112 0 0 56 0 0 49 40 63 0 88 0 63 56 6 0 0 121 0 42 24 42 63 0 21 0 0 0 72 45 54 0
0 0 74 0 41 40 8 0 8 0 35 0 0 0 0 20 0 16 48 16 54 0 72 0 0 0 0 93 0 0 0 9 36 0 68 44 0 8 0 0 0 12 35 12 0 0 0 0 0 0 44 0 24 6 0 0 0 0 12 12 30 16 62 18
63 28 10 0 6 14 0 0 24 21 56 0 0 0 0 24 3 0 0 8 20 0 24 0 76 3 28 0 9 12 0 0 18 20 14 58 0 8 21 0 0 12 0 0 24 0 0 25 48 0 30 24 36 0 3 0 0 25 9 0 25 8 27 21
0 56 0 8 0 0 0 64 48 0 3 3 0 0 40 0 72 0 0 0 0 32 8 8 6 0 24 40 0 9 0 0 24 0 0 0 4 0 32 0 0 0 16 0 0 0 0 0 0 41 0 64 0 0 0 0 0 0 0 0 24 0 0 0
0 0 0 0 0 45 0 0 0 0 0 0 0 5 0 0 0 0 0 0 0 0 0 0 0 0 0 0 3 9 6 0 0 15 0 0 12 0 0 0 0 6 0 0 0 0 0 0 0 0 0 0 45 0 0 0 0 0 0 15 0 0 0 0
0 21 0 0 9 14 0 0 2 0 18 0 2 0 0 0 27 1 0 18 0 0 0 10 0 45 0 0 0 0 0 0 0 0 10 0 16 0 0 2 7 45 0 0 0 0 4 0 0 5 0 0 18 0 7 0 72 0 0 12 8 5 45 0
18 7 20 1 114 58 16 56 62 0 7 42 35 0 101 77 0 32 21 48 0 3 12 64 30 0 43 119 0 0 12 84 49 21 0 79 8 16 4 0 0 28 2 9 3 49 0 0 0 23 40 45 69 24 49 63 0 12 64 24 98 0 6 42
0 0 46 0 6 16 0 0 5 32 0 0 72 0 0 18 0 8 70 0 0 0 9 16 28 0 24 40 2 0 16 0 28 10 30 6 8 0 0 0 0 4 0 0 0 14 24 0 12 0 0 0 0 0 24 64 0 0 56 0 0 0 49 0
15 0 21 63 42 31 21 24 62 0 0 48 28 0 48 61 29 4 0 75 0 12 0 84 25 0 53 40 0 0 10 0 0 0 0 35 0 0 24 72 0 15 45 8 0 0 9 51 0 15 0 48 0 4 71 72 117 6 18 0 90 0 23 0
36 0 20 30 20 24 15 0 58 82 20 0 0 0 0 17 6 56 21 25 5 0 34 8 0 16 0 68 28 21 16 12 0 42 82 3 32 120 16 0 0 32 14 0 73 9 72 15 6 0 0 48 0 0 0 0 0 0 34 0 0 0 74 74
0 72 30 4 42 0 0 0 0 30 32 7 54 0 0 0 36 6 42 0 54 7 36 24 2 0 20 30 0 2 32 0 0 0 0 6 0 56 0 0 0 12 0 0 0 0 32 0 0 76 56 0 0 0 30 48 0 0 42 0 0 0 0 0
0 0 52 14 39 28 3 0 4 0 7 0 63 3 0 0 81 7 76 5 0 4 0 78 0 23 42 98 0 0 0 21 3 0 9 0 0 7 17 0 28 52 0 0 9 0 0 3 0 92 0 20 0 0 73 56 0 0 77 15 35 20 0 42
21 0 61 0 25 105 0 0 0 0 2 0 0 36 0 63 33 0 64 61 27 12 25 80 35 2 67 18 0 0 14 87 63 0 0 84 0 0 38 0 0 23 54 54 24 112 9 36 60 21 0 0 72 0 18 0 36 72 8 0 0 6 7 12
0 25 1 21 0 0 0 0 30 45 18 0 0 1 0 0 26 63 3 0 0 1 18 22 0 7 0 48 0 0 0 0 0 0 0 0 0 72 5 0 0 0 36 30 0 0 81 24 0 0 0 5 0 0 0 0 58 0 0 5 0 45 0 0
0 0 0 0 27 72 0 48 0 0 0 0 0 0 54 81 0 6 45 0 0 0 0 102 0 0 0 0 54 0 0 0 0 18 0 27 0 0 0 24 0 30 0 0 0 63 0 0 66 0 0 0 0 24 0 0 0 36 0 0 30 0 0 0
0 0 0 0 0 0 0 0 0 0 0 0 0 0 0 0 0 0 0 0 0 0 0 0 0 0 0 0 0 0 0 0 0 0 0 0 0 0 0 72 0 0 0 0 0 0 0 0 0 0 0 0 0 0 0 0 63 0 0 0 0 0 18 0
21 0 0 0 3 31 0 0 38 7 0 57 5 9 33 25 1 0 0 40 0 0 0 45 25 10 35 45 3 0 10 0 21 0 45 0 0 38 10 0 24 0 54 0 45 45 0 0 0 15 0 38 0 21 35 45 0 0 3 0 40 0 14 7
0 0 36 42 33 32 21 0 14 0 20 0 0 15 0 36 0 25 52 60 0 0 54 32 0 0 0 0 0 0 0 0 0 0 30 12 15 30 0 0 0 0 0 0 40 28 0 21 24 35 0 0 0 0 5 0 0 0 0 0 30 30 24 0
0 0 10 36 18 8 18 0 63 30 14 42 11 0 42 63 16 42 0 30 0 0 16 63 42 0 0 45 0 14 0 6 0 3 45 63 8 48 0 0 0 8 36 9 3 0 54 42 56 0 0 42 0 0 49 63 24 0 8 0 56 0 81 12
0 54 49 75 18 48 0 0 40 15 60 42 45 0 0 74 0 26 92 0 0 47 42 92 12 0 0 102 0 47 44 0 35 0 20 18 0 72 35 40 0 0 25 0 45 42 51 0 36 90 24 30 0 0 15 40 40 0 35 0 0 0 16 0
0 0 24 42 9 0 15 0 32 0 18 0 0 24 0 12 0 0 0 15 18 0 28 0 0 0 0 0 0 0 12 0 0 0 73 0 0 0 0 24 0 0 15 36 0 0 21 9 12 12 0 0 30 0 0 21 0 48 0 0 0 0 18 0
0 0 0 0 49 0 0 0 0 35 32 42 0 24 0 12 0 40 0 0 0 0 84 28 0 30 0 36 0 0 0 0 0 0 0 0 24 104 0 0 0 0 54 0 0 0 0 0 0 56 0 0 0 0 0 0 0 0 0 0 48 0 0 0
9 0 20 72 21 0 0 24 72 0 62 0 0 20 0 64 0 3 0 0 19 0 56 3 8 7 0 0 27 27 36 0 0 4 0 0 0 0 49 84 0 15 94 30 56 0 0 5 16 36 6 0 25 0 7 0 0 63 0 0 5 0 42 0
0 63 6 0 0 0 0 0 0 0 0 0 0 0 45 0 0 0 46 0 40 0 9 0 0 0 63 28 16 0 0 0 0 31 5 20 0 18 0 0 0 27 0 8 8 16 0 0 0 0 0 0 81 24 0 0 0 0 0 0 45 0 4 64
24 0 33 4 0 40 0 0 6 0 0 0 45 8 0 0 63 5 35 64 0 11 0 16 48 56 82 25 0 18 16 0 11 0 0 0 0 0 40 0 16 12 0 0 0 12 0 0 0 60 0 55 0 0 27 40 0 8 35 40 9 0 8 0
0 0 0 0 54 0 0 0 36 0 0 36 6 0 36 30 0 0 0 0 0 0 0 54 0 0 0 0 0 0 0 0 0 0 0 0 0 0 0 0 42 0 0 0 0 0 0 0 0 30 0 36 0 0 84 54 0 0 0 0 96 30 0 0
0 0 0 63 0 0 0 0 6 0 0 56 0 0 0 16 0 0 0 0 0 0 56 36 0 42 0 84 7 0 14 0 0 35 39 0 28 7 2 0 0 14 72 0 9 0 0 0 0 0 0 0 0 0 0 0 72 0 0 0 0 0 54 0
0 8 82 52 28 39 18 0 29 0 28 0 27 0 0 35 73 3 76 30 25 28 27 24 0 40 42 15 10 0 8 0 0 10 15 9 0 0 56 16 5 75 73 0 5 31 21 60 18 17 0 0 0 0 44 24 106 0 21 0 7 0 36 40
0 27 8 0 6 0 0 0 0 0 12 21 0 15 0 24 4 0 0 25 0 8 16 16 0 56 0 35 8 0 28 0 0 40 36 0 32 0 40 24 0 16 93 0 40 35 12 6 0 15 12 40 0 0 5 0 27 0 0 40 0 30 42 0
48 0 78 0 9 6 2 0 70 120 32 0 32 24 0 12 8 40 30 0 0 0 77 0 56 0 48 73 24 0 24 0 56 24 25 35 88 48 0 0 30 0 21 86 24 0 55 0 0 110 0 64 0 7 0 7 0 0 24 0 125 0 110 56
0 28 0 53 9 36 0 32 20 0 18 18 0 4 20 36 0 0 0 0 0 12 4 32 36 0 4 48 0 0 0 0 0 0 20 0 24 0 16 0 0 0 71 0 0 0 0 0 0 26 0 12 36 0 0 0 56 0 0 12 0 0 90 0
0 12 42 0 63 26 0 72 0 0 0 14 36 0 0 83 18 0 0 18 18 24 30 10 24 10 36 12 0 8 0 0 0 0 36 83 16 0 48 2 0 30 18 0 0 0 22 0 32 0 8 0 18 0 30 0 0 18 54 12 18 0 0 0
90 0 8 3 15 40 0 0 36 21 85 33 2 8 21 55 30 0 20 0 32 8 12 74 106 56 15 42 9 0 0 0 0 35 27 45 28 0 40 8 0 9 0 12 0 35 0 40 30 34 48 76 0 10 23 18 7 40 9 40 91 0 29 21
0 0 15 0 8 0 0 0 0 0 3 3 27 0 0 32 0 3 45 0 0 0 0 0 6 0 0 15 0 0 0 0 0 0 0 0 4 0 0 0 0 0 56 0 0 0 0 0 0 1 0 0 0 0 18 24 0 0 21 0 0 0 48 0
0 24 27 0 0 0 0 24 23 43 9 0 0 0 0 0 0 15 15 0 15 3 18 15 35 0 30 27 6 21 18 0 56 6 10 0 0 0 21 0 0 0 0 9 30 6 30 0 18 24 0 18 0 39 0 0 9 0 0 0 0 0 18 27
0 40 55 7 35 92 0 56 41 55 5 48 9 8 6 31 63 0 0 0 0 0 90 21 35 30 65 81 0 0 15 15 35 0 0 10 0 24 0 0 0 41 54 15 0 0 30 0 30 63 0 6 72 35 28 9 0 4 32 24 12 0 0 35
9 0 58 0 0 0 0 0 0 0 8 0 54 28 0 24 0 6 42 0 61 0 0 0 44 0 0 30 0 12 0 0 0 4 0 58 0 0 0 0 0 0 0 42 0 0 0 5 62 0 22 0 35 0 18 48 0 61 42 0 5 0 0 0
0 94 5 5 0 63 0 40 26 0 0 42 0 5 25 12 14 0 15 81 15 20 47 60 0 65 5 61 6 0 0 0 0 6 0 0 72 0 45 9 0 0 91 6 3 6 18 18 0 25 0 40 81 0 0 0 20 0 0 79 0 9 0 24
0 0 0 0 0 0 0 0 0 5 15 69 2 2 0 0 0 26 0 0 0 63 0 25 18 0 0 10 0 18 5 0 0 0 0 0 0 72 0 0 0 0 12 0 0 10 0 0 0 0 0 0 0 30 0 0 15 0 0 0 0 0 0 0
6 36 0 0 35 42 0 40 14 7 0 0 20 0 0 39 28 0 15 54 15 3 0 30 6 0 6 0 9 2 0 0 9 6 0 34 48 0 0 6 0 0 0 0 3 6 12 0 8 0 0 23 54 0 0 0 0 10 33 36 19 0 9 31
0 49 10 30 69 86 21 0 17 0 43 27 0 0 0 81 0 12 36 33 27 0 0 72 54 8 49 18 0 9 0 0 18 0 55 34 36 48 8 0 0 21 0 0 36 63 0 15 54 9 27 0 81 0 0 0 0 0 0 9 0 8 9 0
0 0 0 0 6 16 0 0 0 0 0 0 0 0 0 18 0 0 8 0 0 0 0 16 0 0 0 0 0 0 0 0 0 0 0 6 0 0 0 0 0 0 0 0 0 14 0 0 12 0 0 0 0 0 0 0 0 0 0 0 0 0 0 0
36 63 0 14 21 50 0 72 54 0 32 27 0 9 54 36 126 0 16 0 16 36 9 41 32 0 52 90 3 0 6 0 90 31 0 12 12 9 36 0 72 21 72 0 0 73 0 20 24 90 24 72 0 63 15 0 0 20 0 0 47 0 0 0
0 20 24 0 0 54 0 0 24 0 36 0 0 57 0 0 8 45 24 0 18 0 12 0 0 0 0 0 0 0 0 72 56 0 9 56 27 54 0 0 0 0 0 60 0 56 0 0 12 63 0 0 108 0 0 0 8 48 0 18 54 36 0 0
0 0 0 18 9 0 9 0 6 0 0 0 0 0 0 0 0 0 27 15 63 0 0 72 0 0 0 0 0 0 0 0 0 0 0 7 0 0 0 0 0 0 0 0 0 0 0 9 0 0 28 0 0 0 0 0 0 0 0 0 0 0 0 0
24 0 0 0 8 0 0 0 42 28 0 42 0 0 0 12 49 0 0 0 0 5 74 0 0 34 10 36 12 0 0 0 15 0 0 0 0 0 28 0 0 0 54 0 32 0 0 0 0 0 0 57 0 0 4 0 0 0 12 0 15 0 36 28
0 0 10 0 0 20 0 0 0 0 5 0 0 0 81 0 0 0 25 0 25 0 0 0 0 0 0 45 12 0 4 15 0 47 0 0 8 0 0 0 0 24 0 0 5 10 0 0 0 0 0 0 0 36 0 0 0 0 20 0 45 0 0 70
