0 62 0 40 8 27 0 72 0 0 56 24 0 86 0 0 0 9 0 0 0 24 0 0 0 0 0 0 0 0 88 14 81 0 0 64 42 0 9 0 0 96 24 72 60 0 30 0 33 8 0 0 24 0 0 0 0 3 0 12 121 27 0 0
0 5 0 0 0 0 12 45 0 0 49 0 0 0 0 0 0 0 0 0 0 20 0 7 0 0 0 0 12 0 25 5 0 0 32 0 0 12 0 0 0 0 0 0 30 0 0 0 0 5 0 0 0 15 0 0 0 0 0 0 25 21 0 63
0 0 0 88 8 0 27 18 0 0 62 0 0 34 0 0 0 0 0 0 0 45 0 9 0 0 0 0 0 0 48 0 0 0 96 64 0 27 0 0 0 0 0 72 0 0 0 0 24 0 12 0 0 0 0 8 0 5 0 30 18 18 0 0
12 42 21 14 70 12 0 28 42 84 0 0 2 78 0 35 0 42 2 0 48 63 6 12 32 42 0 0 20 0 0 0 0 20 4 14 0 113 0 48 89 18 8 0 0 27 18 0 48 0 9 8 21 98 16 0 0 36 16 39 8 98 137 0
0 0 0 0 21 0 0 0 12 12 0 0 0 21 40 0 0 0 0 0 0 46 0 0 48 0 0 2 0 0 0 72 0 0 0 0 56 63 0 35 0 56 0 0 0 0 0 18 0 12 0 0 12 0 0 72 7 45 2 18 0 21 16 0
16 45 0 0 0 20 0 0 0 16 0 0 0 0 0 15 0 60 0 0 72 0 33 15 0 56 0 64 0 0 0 5 0 0 40 0 0 0 0 8 72 0 16 0 32 0 0 24 8 0 12 0 0 24 0 24 0 0 0 0 15 24 0 36
8 0 0 24 0 8 0 0 0 0 0 0 38 40 0 0 64 28 18 0 0 72 36 72 30 28 0 54 0 40 0 0 0 0 6 0 0 48 6 4 36 76 12 0 0 0 56 0 0 0 0 8 40 0 0 0 8 0 0 4 8 32 0 48
18 26 72 0 0 0 0 0 54 40 48 0 24 48 0 0 18 94 9 76 12 54 21 0 8 115 0 0 4 0 0 6 18 0 24 0 42 0 0 0 42 42 0 0 42 0 30 0 0 18 0 93 24 0 18 0 18 0 0 36 48 63 0 0
0 0 35 35 16 56 0 0 0 0 113 0 0 28 48 40 0 8 0 5 27 0 0 0 0 0 0 24 0 0 68 32 0 0 26 88 69 16 8 24 72 24 87 63 0 0 0 0 21 0 0 0 0 43 12 0 0 6 12 0 72 9 40 81
0 17 51 0 6 18 0 8 12 25 0 16 0 0 0 0 0 46 0 40 0 0 0 9 5 10 0 0 28 0 0 0 0 0 0 0 10 14 6 12 10 0 34 0 0 0 0 0 6 0 0 0 6 61 24 0 0 14 24 0 0 67 16 18
0 0 12 0 0 36 0 0 72 0 0 32 18 48 0 0 0 12 9 0 76 0 3 8 15 0 0 27 32 12 0 0 64 0 3 72 0 48 15 0 0 6 44 0 72 0 0 0 48 0 64 0 0 148 0 15 0 4 0 0 12 92 0 0
54 60 21 0 0 56 0 24 0 0 0 0 28 56 35 56 0 20 21 35 8 0 49 1 42 0 0 0 0 0 28 63 0 0 42 3 16 0 0 6 16 69 0 0 0 0 0 0 0 0 0 3 0 32 64 0 8 0 0 0 0 0 8 0
0 24 6 21 0 16 0 0 0 0 0 0 0 91 9 16 0 9 0 2 96 27 3 6 40 0 0 0 0 0 8 21 0 25 5 18 0 64 0 36 0 0 8 0 0 0 0 18 48 0 0 33 15 108 68 0 0 69 48 0 0 6 0 0
0 10 0 0 14 16 0 0 18 24 80 0 0 80 0 10 6 9 0 15 52 40 0 0 0 18 0 18 0 0 0 6 0 18 2 0 66 64 0 0 54 42 8 0 22 0 51 27 48 0 0 0 42 72 0 27 6 0 3 49 0 0 64 0
0 0 0 21 0 0 0 0 0 0 0 0 0 21 0 0 0 0 3 0 0 0 0 0 0 0 0 0 0 0 0 0 0 0 0 21 0 0 0 0 0 0 0 0 0 0 27 0 0 0 0 0 0 0 0 0 0 0 24 0 0 0 0 0
0 0 0 0 0 0 0 0 45 0 40 0 0 40 0 0 15 15 0 0 10 25 0 0 0 45 0 0 0 0 0 0 0 0 5 0 0 0 0 0 35 0 0 0 25 0 0 0 0 0 0 0 0 0 0 0 15 0 0 0 0 0 0 0
0 0 24 0 0 0 0 0 0 0 0 0 15 0 25 0 0 6 0 0 0 27 6 27 30 40 0 0 24 24 0 45 0 0 0 0 0 18 21 0 0 35 0 15 0 0 0 0 15 0 48 40 21 0 16 54 12 0 0 0 24 62 0 0
0 0 0 18 0 0 0 0 0 0 0 0 0 30 0 0 48 0 0 0 0 0 24 0 0 0 0 0 0 30 0 0 0 0 0 0 10 0 0 0 0 48 18 0 0 0 42 0 0 0 0 0 30 0 0 0 0 0 0 0 0 24 0 54
6 54 36 0 0 0 0 12 0 0 0 0 0 8 0 0 0 10 0 0 0 0 48 30 0 0 0 0 0 0 0 0 0 0 0 0 8 0 0 0 8 10 0 0 0 0 0 0 0 0 0 0 0 42 0 0 0 0 0 0 6 0 4 0
40 13 75 0 0 2 0 0 0 15 0 0 0 4 0 0 0 24 0 24 8 0 2 1 139 6 32 0 0 8 0 0 64 40 8 67 48 0 0 6 0 0 0 0 0 0 0 12 0 0 16 3 0 28 56 38 0 94 24 0 8 0 0 0
0 0 0 0 28 14 0 0 0 16 105 0 24 0 4 0 0 0 12 0 63 0 0 0 20 0 0 92 0 0 0 0 0 0 4 0 0 0 4 8 35 8 22 0 0 0 0 12 28 12 0 0 0 47 6 0 0 3 6 0 0 21 35 63
0 0 9 10 2 24 0 0 0 36 38 0 0 8 0 24 0 9 0 3 0 0 0 0 0 0 0 0 0 0 24 0 0 42 0 16 0 48 0 0 0 0 0 48 72 0 0 12 24 0 27 0 0 45 72 0 0 27 54 36 0 0 0 81
15 36 0 66 9 0 0 32 0 0 67 0 20 57 0 5 0 14 57 30 8 0 0 0 27 7 12 0 32 0 54 38 24 10 0 96 20 8 28 0 0 0 0 106 6 0 27 2 47 32 0 0 60 0 36 32 24 0 24 36 57 40 0 0
0 84 27 40 8 0 0 0 0 15 64 0 0 32 0 15 0 24 45 49 0 0 25 15 3 21 0 0 0 0 48 10 0 14 40 64 30 16 0 0 0 0 54 82 0 0 0 4 24 0 0 15 0 0 36 0 10 0 0 37 55 21 0 54
0 0 0 12 0 0 0 0 0 0 0 0 0 20 18 30 32 42 0 30 48 0 16 5 54 42 0 66 20 20 0 0 0 54 0 18 48 0 0 0 0 32 0 0 36 0 70 0 0 0 0 0 20 25 9 54 0 0 9 0 54 51 0 78
0 91 81 0 35 14 0 81 0 102 56 0 40 57 24 25 0 88 54 72 0 26 0 0 9 18 0 16 64 0 45 28 45 0 12 0 21 8 60 12 51 140 0 40 60 0 15 63 40 9 0 0 110 21 12 64 24 0 7 94 126 16 91 0
0 0 18 6 0 48 0 0 81 0 88 0 16 82 40 48 43 27 0 6 63 45 8 0 48 81 0 40 0 10 24 72 0 28 9 0 0 32 0 0 63 72 10 20 45 0 14 8 0 0 0 64 10 15 0 0 27 0 0 56 64 23 0 12
25 61 30 0 0 0 0 0 45 0 0 0 0 4 0 0 0 0 0 0 57 0 40 29 45 0 20 0 0 0 0 0 80 0 0 57 0 0 0 24 0 0 0 0 45 0 0 0 0 0 25 12 0 80 0 16 0 10 0 0 5 0 0 0
30 42 0 0 0 0 0 0 0 0 0 0 30 30 0 0 0 0 15 0 0 0 0 6 151 0 24 45 24 0 0 0 48 45 14 0 0 0 5 0 0 10 10 0 0 0 0 0 0 0 0 0 0 63 84 0 6 81 0 0 0 42 0 0
5 12 36 0 0 0 0 0 0 20 21 0 0 6 0 0 0 35 0 47 0 0 0 0 13 48 4 15 0 0 0 0 8 18 0 0 34 0 0 0 0 0 18 0 0 0 21 0 0 0 0 40 0 0 70 51 0 15 0 0 0 56 0 45
0 21 0 0 0 9 0 36 0 0 28 8 0 10 0 0 0 3 0 0 0 0 0 0 0 0 0 0 6 0 20 4 27 49 0 0 0 56 3 0 0 0 8 35 24 0 0 14 3 4 0 0 0 8 16 0 2 1 0 42 20 9 0 0
10 27 6 16 0 26 0 0 0 0 44 0 30 0 0 25 0 35 15 2 0 12 20 9 25 35 0 45 0 0 8 6 0 0 37 0 21 0 5 5 45 31 10 0 6 0 15 0 0 0 0 0 12 0 0 0 0 0 0 16 15 6 0 54
0 21 63 0 0 0 0 56 0 35 0 0 2 18 0 0 0 57 0 61 0 0 0 0 7 14 0 5 0 0 0 56 0 6 0 0 43 0 0 0 0 0 0 0 0 0 7 0 0 56 0 8 56 0 0 81 0 45 0 4 8 56 0 0
0 2 0 0 18 0 0 0 0 0 0 0 0 2 0 0 0 16 0 0 36 0 0 8 0 0 0 32 36 0 12 0 18 0 4 0 25 0 0 0 0 16 53 0 0 0 0 0 0 0 0 0 0 52 0 8 0 5 0 0 0 68 0 45
35 54 0 0 30 11 0 0 12 0 32 0 0 57 25 0 0 8 0 0 0 0 0 0 93 0 28 0 0 0 6 45 137 0 2 0 0 0 0 0 20 97 0 0 0 0 0 18 0 12 0 0 0 12 0 18 0 0 0 0 81 0 20 0
121 42 0 63 49 0 18 54 24 4 8 0 36 169 58 0 0 72 27 36 45 159 72 24 72 0 32 40 0 0 0 83 64 14 117 0 76 101 5 42 56 55 10 10 0 0 0 61 7 27 0 45 45 84 48 64 13 40 0 12 45 48 18 0
24 37 60 30 41 48 0 0 0 45 66 42 16 30 24 65 0 0 30 31 0 64 28 60 56 0 0 5 0 0 56 18 0 35 43 120 54 44 4 12 16 8 0 54 0 0 0 93 18 0 0 0 30 7 40 48 10 81 23 80 52 0 64 0
9 0 24 0 0 0 0 0 0 0 0 0 0 0 0 27 0 3 0 15 18 0 51 0 0 0 0 31 0 24 0 0 9 18 0 0 24 0 0 9 0 0 4 0 0 63 21 0 0 0 48 0 0 51 54 57 0 27 54 0 24 6 81 0
0 6 18 0 18 6 0 73 78 4 24 0 0 16 42 7 0 1 0 0 12 72 0 78 24 0 0 0 0 0 35 28 0 15 24 0 0 120 21 92 73 14 30 0 8 0 0 0 63 0 3 0 39 77 30 0 8 27 0 0 63 0 63 9
0 54 0 24 0 0 0 0 0 0 4 7 0 99 0 0 64 0 0 0 0 0 32 9 0 0 0 0 32 40 0 0 81 0 0 0 0 0 0 0 0 118 0 0 0 0 56 0 0 0 0 0 40 40 0 16 0 13 3 0 81 88 4 48
0 0 0 104 0 0 0 16 0 0 6 0 0 56 0 0 0 0 8 0 0 0 0 0 0 0 0 0 0 0 0 16 0 0 24 56 10 0 0 0 0 0 0 0 0 0 72 0 0 16 0 0 16 0 0 0 0 0 64 30 18 34 0 0
0 63 5 14 14 0 0 78 8 30 0 0 0 65 10 0 0 20 0 0 0 28 2 0 12 45 0 13 0 0 0 86 0 0 0 8 51 0 0 0 0 0 0 0 0 0 0 57 0 101 4 55 112 46 92 0 9 0 7 45 0 139 40 12
0 7 0 0 0 0 0 0 0 0 0 0 0 0 0 0 0 0 0 0 0 0 0 0 0 0 0 0 14 0 0 0 63 0 0 0 0 0 0 0 0 0 0 0 0 0 0 0 0 0 0 0 0 0 0 0 0 0 0 0 0 0 0 0
42 37 0 0 0 0 0 0 0 0 36 0 28 0 0 0 0 12 75 58 0 0 49 0 0 15 0 0 2 0 0 6 9 63 42 0 0 72 0 0 0 0 0 45 0 0 0 18 0 18 0 15 0 0 72 0 12 0 0 84 48 21 0 0
14 0 0 31 7 14 0 63 58 0 0 0 24 34 0 9 8 49 16 0 0 0 11 0 20 49 0 36 0 5 45 0 0 0 4 28 0 0 22 52 63 16 44 0 0 0 43 0 63 4 0 0 32 45 0 0 0 0 32 0 0 4 0 6
82 0 0 0 28 0 0 0 0 16 0 0 28 0 4 0 0 0 21 28 0 30 49 0 72 0 32 0 0 0 0 0 64 0 42 0 40 45 0 33 0 0 0 0 0 0 0 12 28 12 0 0 0 0 0 0 5 0 0 0 0 15 0 0
0 24 0 0 36 0 0 0 0 0 0 0 0 24 24 0 0 32 0 0 0 54 0 54 0 0 0 0 0 0 24 16 36 0 20 0 0 44 4 12 16 64 0 0 0 0 0 0 0 0 0 0 0 0 0 0 6 0 0 0 72 0 0 0
6 0 5 64 0 58 0 0 0 0 72 32 0 0 0 0 0 33 0 0 0 0 3 0 0 66 0 0 0 0 0 0 0 0 32 8 6 0 12 3 67 0 32 0 0 0 0 0 12 0 0 45 0 24 18 0 0 4 0 40 24 123 40 0
0 1 0 24 45 0 0 9 0 0 3 0 18 0 0 0 0 40 0 0 0 0 0 0 0 0 0 0 0 0 35 1 0 0 22 0 15 0 0 0 0 40 27 0 6 0 0 0 0 1 0 72 0 0 0 0 0 0 0 51 86 9 0 27
0 7 0 0 0 0 0 0 0 116 0 0 36 5 0 0 0 16 18 0 0 95 0 27 30 25 0 60 0 0 0 0 0 0 6 0 0 18 6 0 0 28 12 0 48 24 0 54 12 15 26 25 36 4 18 0 4 0 6 54 0 91 120 54
0 0 0 16 0 0 0 0 0 0 2 0 36 0 0 0 0 0 18 0 36 48 0 0 30 0 0 86 0 0 0 0 0 0 14 0 64 72 6 40 0 12 20 0 0 0 0 0 0 0 0 0 0 12 0 0 8 0 0 10 6 42 0 0
24 63 0 0 0 2 0 96 0 0 8 0 0 77 0 0 0 40 0 0 0 0 0 0 0 20 0 0 0 0 0 48 0 0 0 0 62 0 0 0 37 40 0 0 0 0 0 0 0 48 0 20 48 39 80 0 9 0 0 0 0 76 21 0
0 78 72 0 0 64 0 14 12 21 0 0 0 16 0 66 0 0 0 8 0 21 64 40 72 0 0 0 12 0 42 0 54 45 9 0 0 0 4 10 0 6 8 0 0 9 0 0 14 0 3 0 6 75 36 64 0 121 0 0 8 21 27 0
6 14 0 0 21 0 0 56 0 12 0 0 4 42 33 0 0 0 3 4 24 0 7 4 36 0 0 0 16 0 0 110 0 0 6 0 35 32 0 6 0 42 4 0 0 0 0 9 45 65 0 0 56 52 16 0 2 0 0 0 0 84 0 0
24 24 18 0 18 12 0 24 36 48 35 0 8 16 35 6 0 42 6 8 12 16 30 12 42 42 0 8 0 0 0 65 0 0 28 0 0 58 0 42 84 49 2 0 0 0 0 72 12 0 0 0 66 30 0 0 0 0 8 72 6 0 112 45
0 3 9 0 9 0 0 12 18 0 0 0 0 0 41 0 0 0 0 0 0 0 0 3 60 15 0 12 0 0 0 63 0 0 0 0 0 21 0 18 15 49 0 0 0 0 0 0 0 0 0 15 9 9 9 0 0 0 3 0 0 21 24 18
0 0 0 0 0 0 0 3 0 0 0 0 0 0 0 25 0 36 0 30 40 0 0 0 40 35 0 30 0 0 0 0 0 76 5 15 48 0 0 0 0 0 0 0 30 0 42 0 0 0 2 0 0 5 20 54 0 45 0 0 45 0 0 0
0 21 22 0 0 0 0 0 72 12 0 0 0 64 0 0 0 3 18 10 88 0 12 5 0 0 0 0 0 16 0 2 64 0 0 72 0 64 0 0 0 0 8 0 96 0 0 0 54 0 81 0 0 127 12 20 4 0 0 10 33 0 0 27
0 0 28 35 56 0 0 28 24 88 21 0 0 35 8 4 0 0 5 0 0 56 7 2 0 15 0 0 8 28 20 0 0 0 0 35 0 0 8 36 0 16 16 0 0 24 45 24 84 24 64 15 12 30 24 35 0 0 40 0 28 91 72 27
6 66 0 7 42 6 0 12 42 14 24 0 0 59 48 10 6 44 1 25 68 24 3 6 0 53 0 25 0 0 0 32 0 50 26 31 40 32 8 63 73 20 0 10 22 6 44 4 0 24 10 18 0 24 48 45 12 0 8 12 90 14 18 0
0 0 0 0 0 18 0 0 0 0 0 16 0 10 0 40 0 54 0 0 64 0 0 0 0 56 0 0 0 0 0 0 0 24 0 24 0 0 6 0 0 0 16 0 48 0 0 0 6 0 0 0 0 0 0 40 0 27 0 0 72 18 0 0
0 28 12 63 12 0 24 16 24 0 0 0 0 81 51 0 0 34 36 55 0 121 9 12 54 0 0 71 0 0 0 71 0 42 67 0 56 54 1 27 24 2 0 0 0 0 49 54 0 0 0 45 57 97 81 63 8 24 57 20 41 18 32 54
0 10 0 10 16 27 21 32 18 6 38 24 0 8 0 10 0 9 0 0 10 35 0 7 0 0 0 0 0 0 12 32 16 42 56 34 20 69 9 0 0 0 24 48 18 0 0 12 15 32 10 0 32 58 48 0 0 27 48 46 0 59 0 0
0 72 12 6 0 32 0 0 0 0 32 56 0 26 0 56 16 0 0 4 6 0 48 32 0 0 0 0 0 10 16 8 0 0 64 0 0 8 0 0 0 16 1 0 0 0 14 0 6 0 0 0 10 6 0 0 0 24 24 0 24 8 32 12
