1124 1121 1352 1143 1266 1094 1038 1238 854 1185 1225 1188 1167 1098 819 1127 1113 1342 1176 1065 1208 1065 1000 1181 1225 1193 967 1222 1186 1117 946 1090 908 1251 1290 1086 1125 1131 1115 1469 1036 1054 1078 1142 1022 865 1354 1223 1066 1127 1217 967 1162 1269 1284 1031 1178 1058 1052 958 1095 1217 1344 1160
1036 1168 1150 1077 1130 1100 868 1270 962 1170 1047 1070 1136 1073 954 1035 1093 1341 1096 988 1093 1201 897 1051 1227 1081 1103 1048 1153 1157 943 915 926 1302 1120 1185 1115 987 933 1203 1097 970 1013 1066 786 969 1276 1149 1039 967 860 1075 987 1082 1013 1093 1139 993 1065 959 1014 974 993 1093
1257 1145 1200 1301 1197 1062 1197 1194 983 1287 1283 1241 1244 1186 969 1218 1136 1338 1156 1060 1364 1178 1109 1259 1150 1197 1074 1258 1175 1111 986 1077 1081 1286 1275 1147 1153 1050 1028 1270 1083 1141 1159 1122 1132 1077 1361 1169 1064 1012 1244 1120 1172 1344 1212 1051 1276 1040 1036 1067 1175 1258 1218 1148
1335 1486 1488 1522 1447 1253 1335 1698 1101 1398 1376 1390 1416 1374 1093 1355 1320 1624 1428 1207 1466 1353 1110 1386 1329 1230 1352 1440 1382 1397 1173 1299 1089 1511 1475 1382 1365 1230 1159 1542 1288 1245 1219 1269 1167 1224 1603 1459 1261 1182 1450 1243 1292 1406 1307 1184 1421 1352 1226 1201 1362 1357 1510 1262
1148 1263 1275 1412 1256 1323 1290 1430 1077 1331 1289 1273 1252 1160 1030 1469 1170 1461 1166 1167 1328 1178 1067 1305 1163 1121 1201 1393 1233 1324 1100 1085 1110 1244 1367 1128 1210 1078 1105 1461 1071 1181 1343 1208 1166 1215 1611 1258 1053 1181 1202 1112 1249 1425 1254 1035 1215 1157 1143 959 1157 1341 1426 1248
1217 1372 1372 1363 1438 1358 1375 1470 1088 1307 1297 1326 1308 1206 1138 1392 1169 1563 1410 1209 1288 1390 1222 1401 1355 1136 1283 1509 1169 1339 1291 1218 1160 1388 1453 1290 1231 1160 1083 1493 1130 1121 1103 1245 1104 1149 1588 1441 1188 1143 1257 1260 1272 1434 1208 1208 1306 1338 1071 1068 1238 1343 1389 1287
1283 1443 1550 1429 1510 1438 1327 1554 1151 1461 1277 1516 1355 1309 1179 1469 1446 1571 1307 1309 1515 1356 1198 1289 1347 1422 1454 1330 1306 1369 1257 1225 1244 1613 1420 1361 1271 1230 1215 1527 1290 1399 1297 1345 1167 1124 1647 1494 1218 1255 1268 1190 1293 1413 1461 1370 1527 1303 1332 1074 1433 1409 1485 1378
1259 1340 1381 1450 1400 1356 1151 1400 1012 1412 1223 1242 1363 1299 1070 1327 1310 1535 1250 1221 1286 1478 1067 1252 1288 1213 1245 1328 1242 1225 1111 1206 1114 1374 1424 1210 1369 1225 1022 1433 1276 1215 1172 1290 1195 1117 1518 1332 1235 1193 1334 1225 1317 1384 1261 1195 1212 1168 1093 1061 1252 1279 1434 1280
1263 1361 1450 1459 1487 1242 1283 1460 1170 1393 1275 1301 1260 1232 1134 1407 1341 1450 1241 1211 1395 1345 1057 1292 1281 1311 1439 1265 1245 1376 1215 1159 1253 1389 1403 1326 1347 1191 1094 1452 1126 1217 1268 1201 1239 1163 1572 1314 1268 1169 1305 1279 1272 1421 1225 1206 1382 1375 1191 1173 1292 1385 1334 1306
1333 1529 1420 1487 1474 1431 1445 1476 996 1300 1417 1403 1452 1347 1186 1483 1345 1563 1419 1252 1464 1356 1253 1421 1450 1376 1407 1358 1167 1289 1191 1280 1137 1499 1554 1364 1377 1239 1103 1604 1229 1398 1326 1233 1192 1274 1774 1561 1211 1281 1384 1268 1320 1446 1428 1239 1441 1327 1341 1143 1474 1432 1423 1337
1270 1358 1386 1392 1338 1257 1150 1368 1156 1510 1227 1391 1150 1201 1041 1327 1202 1410 1294 1129 1433 1210 1058 1356 1275 1361 1352 1268 1206 1303 1181 1227 1154 1448 1508 1282 1343 1113 1054 1368 1238 1148 1198 1213 1086 1086 1496 1326 1271 1119 1267 1236 1263 1278 1159 1182 1329 1269 1210 1257 1273 1260 1360 1347
1178 1113 1377 1277 1327 1173 1071 1325 902 1263 1198 1232 1081 1153 867 1220 1111 1372 1236 1154 1281 1238 1026 1121 1086 1049 1243 1209 1165 1152 960 1149 1065 1279 1179 1047 1176 1040 1032 1424 1130 1127 1088 1186 984 889 1383 1262 1150 1130 1158 1181 1205 1342 1226 1127 1296 1126 1112 978 1193 1258 1309 1226
1387 1343 1322 1385 1256 1244 1087 1440 1001 1256 1280 1286 1310 1308 939 1107 1213 1424 1231 1296 1405 1218 1110 1329 1342 1254 1136 1299 1230 1354 1128 1220 1024 1397 1407 1148 1256 1208 1250 1412 1235 1260 1195 1235 1120 1085 1502 1366 1168 1274 1256 1222 1254 1306 1263 1106 1314 1109 1174 1135 1256 1321 1471 1211
1228 1309 1206 1403 1249 1355 1224 1428 1022 1326 1361 1312 1240 1161 1117 1382 1156 1437 1301 1160 1246 1270 1084 1297 1345 1213 1282 1384 1201 1257 974 1264 1020 1282 1330 1245 1328 1155 1158 1433 1063 1218 1079 1228 1145 994 1615 1126 1171 1190 1294 1213 1147 1311 1172 1113 1283 1124 1217 1107 1258 1273 1481 1198
1368 1293 1484 1360 1538 1345 1274 1430 1122 1411 1330 1434 1470 1344 1087 1389 1448 1513 1475 1266 1413 1402 1213 1396 1419 1380 1329 1390 1336 1230 1179 1292 1222 1507 1500 1394 1298 1354 1186 1614 1288 1200 1291 1281 1181 1128 1549 1421 1377 1374 1293 1306 1485 1572 1329 1411 1537 1257 1172 1211 1533 1550 1581 1413
1324 1443 1517 1582 1548 1473 1534 1655 1233 1425 1373 1442 1384 1338 1222 1529 1436 1607 1410 1407 1519 1409 1274 1553 1378 1368 1483 1495 1328 1611 1349 1336 1147 1651 1432 1448 1336 1359 1307 1662 1236 1309 1328 1273 1219 1209 1775 1481 1414 1322 1421 1292 1343 1536 1545 1330 1492 1430 1469 1279 1459 1395 1452 1335
1016 1097 1111 1161 1088 931 958 1208 901 1151 1173 1076 1050 1032 904 1008 1115 1193 1025 1146 1161 955 1007 1085 921 1067 1052 1091 986 1161 940 1034 940 1249 1253 1097 992 855 945 1236 855 995 1013 924 952 773 1150 1048 993 1030 1082 890 1050 1129 986 882 1200 1107 1036 961 925 1183 1199 1021
1350 1470 1356 1450 1343 1279 1282 1544 1255 1438 1365 1474 1408 1304 1082 1360 1301 1563 1270 1232 1446 1338 1166 1503 1339 1308 1144 1436 1243 1374 1249 1161 974 1553 1499 1308 1319 1168 1228 1499 1216 1203 1270 1262 1238 1165 1503 1255 1285 1192 1367 1266 1274 1396 1202 1274 1434 1244 1217 1121 1341 1362 1580 1302
1269 1317 1402 1294 1329 1170 1227 1381 982 1248 1247 1213 1233 1162 982 1114 1278 1357 1250 1193 1243 1176 1209 1268 1133 1365 1133 1315 1033 1200 1139 1272 1076 1374 1400 1186 1175 1103 1077 1479 1085 1106 1085 1101 1129 962 1296 1391 1201 1185 1349 1029 1249 1198 1230 1133 1248 1300 1185 1055 1287 1361 1202 1192
1187 1248 1433 1389 1291 1205 1147 1393 979 1271 1146 1295 1114 1151 948 1018 1247 1389 1246 1055 1245 1127 1002 1222 1309 1217 1030 1119 1278 1228 1048 1130 1011 1327 1285 1121 1343 1282 1160 1418 1221 1140 1055 1263 1091 973 1428 1328 1238 1201 1311 1172 1076 1153 1296 1198 1321 1132 1119 1104 1126 1104 1422 1223
1436 1443 1479 1572 1541 1344 1264 1501 1102 1511 1428 1529 1394 1362 1169 1427 1432 1573 1348 1382 1581 1411 1227 1567 1381 1415 1370 1406 1284 1451 1222 1404 1172 1630 1586 1335 1505 1314 1290 1417 1350 1378 1310 1388 1264 1224 1745 1415 1334 1352 1485 1420 1422 1518 1366 1320 1493 1247 1318 1275 1446 1509 1627 1440
1343 1258 1341 1392 1307 1146 1215 1336 973 1197 1270 1181 1182 1214 1042 1207 1258 1405 1377 1187 1398 1300 1074 1295 1311 1197 1292 1276 1195 1203 1120 1248 1200 1485 1409 1134 1175 1143 938 1471 1114 1300 1083 1222 1110 1058 1515 1370 1224 1141 1241 1237 1123 1308 1173 1161 1405 1199 1117 1148 1263 1432 1331 1199
1103 1190 1339 1311 1255 1156 1108 1271 989 1298 1238 1316 1183 1085 1046 1252 1215 1297 1216 1050 1289 1192 1057 1099 1158 1230 1208 1227 1124 1233 1058 1090 1085 1333 1310 1170 1154 1031 999 1340 1099 1168 1169 1167 1218 994 1346 1260 1114 1151 1160 1076 1147 1293 1282 1048 1325 1142 1096 1112 1099 1264 1236 1114
1249 1405 1319 1458 1431 1320 1152 1547 1018 1334 1317 1300 1373 1278 1142 1414 1291 1602 1265 1211 1393 1352 1136 1411 1324 1292 1345 1311 1320 1363 1132 1141 1171 1570 1400 1352 1435 1245 1084 1579 1193 1254 1289 1234 1099 1226 1606 1337 1283 1164 1288 1164 1198 1380 1222 1195 1347 1238 1289 1155 1280 1344 1373 1427
1245 1263 1402 1280 1410 1280 1196 1425 1096 1343 1235 1259 1183 1173 1142 1233 1326 1502 1314 1157 1300 1325 1084 1380 1252 1202 1288 1423 1277 1310 1177 1141 1115 1434 1448 1182 1118 1155 1048 1460 1218 1118 1097 1232 1028 1059 1570 1472 1137 1159 1229 1109 1192 1369 1164 1240 1344 1272 1099 1062 1181 1280 1276 1261
1116 1197 1302 1281 1200 1233 1095 1311 903 1106 1251 1079 1285 1089 917 1103 1089 1319 1239 1067 1147 1278 1069 1245 1281 1105 1102 1052 1103 1142 1063 1118 992 1409 1241 1201 1169 1252 1015 1330 1096 1069 1085 1091 974 991 1366 1240 1173 1170 1219 1200 1011 1181 1245 1129 1285 1118 1121 1003 1263 1319 1360 1278
1115 1358 1154 1185 1182 1073 988 1159 777 1068 1070 1077 1210 1034 955 1046 1121 1347 1007 1145 1120 1107 1033 1156 1204 1043 1066 1126 1026 1171 977 937 809 1227 1031 1166 1152 1036 1083 1151 1000 1050 1008 1113 870 1050 1491 1094 956 1003 1086 1028 1007 1072 1149 997 1029 962 1090 987 1074 1007 1075 1020
1149 1229 1378 1438 1351 1175 1213 1313 925 1308 1270 1342 1187 1202 1043 1304 1201 1399 1220 1151 1391 1253 1160 1252 1158 1193 1235 1354 1031 1273 1094 1080 1057 1354 1442 1112 1219 1163 1031 1426 1174 1341 1126 1343 1165 988 1489 1285 1177 1146 1280 1154 1257 1542 1256 1064 1353 1150 1097 1032 1194 1289 1312 1201
1325 1303 1429 1414 1407 1291 1218 1506 902 1329 1311 1274 1278 1342 1020 1300 1352 1452 1466 1260 1324 1363 1158 1383 1390 1238 1216 1242 1344 1288 1240 1312 1186 1521 1397 1341 1272 1289 1111 1456 1024 1255 1123 1266 1080 1136 1480 1388 1290 1152 1276 1308 1196 1403 1197 1212 1485 1238 1176 1200 1244 1480 1504 1406
1167 1203 1284 1329 1285 1132 1169 1355 1050 1280 1264 1280 1186 1250 1016 1277 1287 1285 1198 1101 1254 1283 1075 1256 1125 1187 1084 1223 1133 1277 1090 1165 1059 1379 1193 1186 1108 1137 1114 1303 943 1116 1110 1149 1154 1001 1403 1147 1161 1066 1249 1178 1193 1316 1182 1145 1248 1158 1189 1063 1094 1312 1299 1241
1173 1375 1525 1449 1365 1322 1209 1470 983 1367 1328 1504 1287 1290 1194 1418 1345 1460 1346 1304 1211 1309 1270 1262 1331 1406 1349 1364 1224 1411 1159 1238 1104 1531 1422 1353 1200 1309 1203 1394 1207 1328 1228 1304 1228 1237 1486 1276 1219 1216 1372 1126 1247 1462 1414 1183 1314 1122 1209 1189 1257 1284 1360 1305
979 933 1024 1098 1148 983 943 992 798 954 924 878 1062 1019 887 1061 1013 1191 990 840 1062 1153 820 951 997 927 1029 1064 889 1008 906 863 977 1158 1043 993 952 1064 763 1157 868 890 840 1031 813 808 1245 1105 946 869 913 889 946 1130 1096 850 1012 938 909 926 920 936 1047 983
1115 1178 1300 1238 1176 1052 1124 1182 904 1157 1036 1073 1096 1095 901 1140 1093 1390 1169 1063 1125 1047 964 1120 1066 1143 1143 1188 1052 1062 945 1111 1038 1228 1325 1054 1068 1021 937 1325 1051 992 1123 1027 879 970 1323 1294 1050 1016 1046 993 1135 1098 1176 1023 1173 1118 1065 1042 1072 1233 1206 1142
1333 1379 1529 1481 1479 1499 1374 1676 1218 1577 1469 1377 1315 1385 1218 1416 1538 1627 1537 1388 1456 1435 1177 1491 1445 1260 1274 1382 1478 1547 1323 1305 1172 1583 1447 1392 1372 1262 1195 1661 1288 1409 1277 1390 1327 1185 1634 1536 1235 1346 1233 1314 1276 1529 1302 1422 1559 1313 1290 1214 1412 1530 1535 1319
1331 1548 1605 1352 1526 1364 1199 1552 1057 1425 1337 1413 1331 1253 1018 1360 1373 1568 1300 1173 1332 1345 1201 1320 1528 1380 1293 1221 1196 1418 1226 1138 1252 1577 1394 1325 1376 1205 1116 1561 1207 1255 1327 1325 1100 1150 1640 1455 1239 1281 1286 1122 1319 1312 1411 1288 1424 1418 1336 1116 1320 1506 1341 1378
1155 1151 1174 1179 1126 1160 1012 1320 951 1222 1112 1159 1118 1165 971 1163 1170 1326 1136 960 1255 1255 940 1147 1229 1179 1198 1046 1228 1179 948 1010 986 1373 1129 1227 1096 1130 935 1304 1111 1056 1048 1055 1089 988 1316 1305 1218 1024 1150 1061 1066 1266 1117 1042 1328 1056 1080 989 1192 1126 1305 1032
1287 1397 1472 1543 1462 1386 1223 1483 1066 1322 1268 1408 1213 1206 1092 1399 1321 1466 1362 1277 1350 1366 1134 1403 1384 1352 1418 1259 1272 1482 1238 1260 1138 1543 1380 1319 1356 1258 1215 1479 1196 1289 1221 1396 1249 1177 1592 1427 1410 1240 1440 1331 1225 1443 1391 1326 1400 1238 1319 1166 1395 1424 1494 1358
1260 1294 1381 1565 1385 1387 1179 1499 1081 1383 1286 1315 1365 1342 1040 1414 1324 1509 1371 1309 1452 1420 1275 1410 1398 1265 1352 1380 1342 1375 1231 1227 1129 1414 1445 1355 1296 1321 1121 1514 1152 1282 1259 1208 1256 1163 1471 1299 1245 1267 1220 1209 1189 1442 1392 1108 1337 1202 1304 1192 1403 1348 1480 1388
1472 1451 1450 1553 1541 1471 1313 1526 1088 1448 1395 1379 1499 1290 1140 1505 1356 1580 1337 1311 1338 1496 1173 1373 1480 1454 1418 1404 1420 1357 1189 1309 1317 1527 1587 1490 1494 1315 1303 1604 1259 1281 1370 1355 1222 1205 1717 1405 1350 1354 1362 1374 1377 1537 1472 1258 1544 1364 1334 1335 1320 1466 1606 1387
1290 1376 1367 1405 1404 1321 1213 1427 1057 1496 1256 1273 1208 1241 951 1263 1246 1483 1324 1274 1225 1247 1080 1322 1255 1170 1275 1292 1224 1225 1126 1199 1020 1404 1349 1331 1416 1000 1147 1498 1186 1225 1226 1267 1070 1060 1415 1279 1334 1228 1312 1287 1262 1322 1269 1207 1240 1238 1207 1137 1346 1369 1305 1282
1235 1310 1371 1421 1388 1298 1204 1376 975 1298 1334 1392 1387 1316 1006 1393 1240 1536 1212 1173 1357 1203 1119 1314 1275 1285 1352 1291 1176 1251 1061 1129 1135 1446 1540 1272 1358 1175 1167 1484 1205 1249 1400 1217 1085 1208 1537 1423 1264 1275 1261 1191 1409 1482 1346 1129 1401 1192 1086 1172 1361 1430 1546 1279
1277 1250 1322 1312 1213 1175 1332 1285 983 1217 1343 1216 1225 1302 1080 1237 1226 1388 1312 1291 1431 1210 1236 1387 1147 1171 1210 1241 1168 1188 1208 1337 1122 1297 1377 1166 1020 1200 1115 1447 1019 1192 1215 1126 1083 1005 1427 1374 1204 1125 1318 1238 1276 1425 1200 1168 1385 1191 1105 942 1340 1336 1355 1310
1126 1325 1254 1220 1243 1240 1193 1326 937 1196 1215 1243 1234 1109 1038 1250 1215 1344 1065 1037 1238 1125 1027 1160 1235 1250 1190 1141 1122 1240 1070 1035 1104 1361 1402 1178 1223 1079 1085 1446 1126 1189 1275 1144 1114 1034 1513 1350 1139 1170 1155 1046 1131 1362 1277 1129 1298 1194 1103 992 1167 1296 1309 1199
1169 1197 1270 1239 1254 1124 1177 1423 872 1231 1219 1177 1169 1213 1007 1231 1210 1298 1318 1145 1153 1172 1053 1192 1122 1033 1106 1270 1229 1205 1042 1260 1014 1237 1298 1119 1102 1052 1032 1338 956 1106 1040 1187 1030 1002 1310 1271 1059 1041 1142 1169 1136 1356 1018 1066 1354 1136 1003 990 1103 1256 1366 1145
1150 1324 1334 1340 1285 1236 1125 1344 905 1184 1250 1183 1314 1145 1076 1194 1240 1252 1222 1161 1292 1157 1099 1217 1173 1094 1150 1257 1127 1137 1069 1150 1009 1363 1291 1096 1117 932 963 1357 1049 1178 1143 1084 970 1117 1476 1265 1010 1187 1178 1111 1254 1299 1101 1103 1332 1172 1120 994 1280 1293 1131 1119
1238 1231 1215 1231 1191 1132 1071 1212 892 1114 1192 1126 1135 1096 1009 1080 1251 1375 1112 1073 1084 1115 956 1094 1178 1111 1116 1112 1073 1119 1053 1057 1009 1264 1318 1072 1130 1062 1027 1350 1019 1190 915 1236 1079 868 1394 1228 1069 1186 1168 1114 1015 1122 1104 1017 1263 945 1031 991 1040 1224 1283 1108
1160 1107 1265 1430 1188 1261 1209 1315 1006 1319 1213 1185 1126 1072 984 1162 1054 1356 1153 1060 1306 1263 887 1198 1235 1135 1066 1194 1285 1026 1039 1101 1125 1206 1379 1086 1170 1106 972 1381 1103 1118 1140 1129 1075 964 1418 1147 1186 1083 1209 1186 1100 1308 1174 1175 1309 1143 1035 962 1247 1233 1330 1250
1330 1305 1229 1331 1358 1285 1307 1419 942 1193 1247 1220 1245 1185 1000 1409 1218 1398 1222 1137 1309 1290 1016 1289 1274 1288 1315 1310 1066 1304 1117 1217 1071 1354 1339 1183 1278 1082 1121 1467 1039 1253 1139 1257 1141 1028 1565 1370 1263 1122 1260 1206 1190 1444 1230 1173 1394 1257 1158 1032 1263 1394 1378 1193
1425 1361 1584 1553 1517 1336 1346 1527 1067 1438 1387 1418 1414 1311 1118 1408 1445 1646 1441 1249 1390 1320 1270 1321 1379 1467 1345 1449 1446 1221 1208 1247 1277 1530 1516 1291 1396 1284 1269 1706 1207 1454 1362 1408 1220 1138 1605 1314 1311 1437 1432 1228 1325 1472 1462 1268 1573 1188 1238 1207 1287 1525 1482 1464
1292 1481 1448 1524 1416 1324 1211 1489 1034 1391 1273 1369 1332 1318 1113 1347 1304 1569 1254 1229 1298 1421 1117 1344 1456 1295 1269 1377 1157 1409 1189 1161 1112 1490 1460 1449 1326 1243 1084 1419 1171 1185 1095 1300 1235 1124 1569 1326 1328 1204 1301 1284 1190 1494 1244 1124 1378 1248 1143 1204 1235 1227 1400 1275
1054 1238 1334 1377 1249 1292 1154 1268 886 1277 1203 1309 1319 1189 979 1363 1264 1367 1152 1118 1279 1207 1146 1310 1151 1152 1340 1233 1120 1221 1043 1058 950 1477 1329 1249 1236 1087 1141 1330 998 1314 1239 1240 1048 1075 1464 1294 1189 1128 1188 1149 1187 1361 1265 1007 1355 1121 1100 1058 1266 1332 1361 1199
1202 1219 1316 1437 1252 1305 1173 1363 934 1249 1291 1230 1222 1188 1010 1200 1263 1390 1307 1253 1307 1212 1210 1303 1238 1229 1200 1187 1295 1271 1159 1121 1175 1331 1353 1229 1223 1215 1063 1451 984 1172 1238 1109 1240 1044 1413 1246 1185 1241 1306 1039 1142 1274 1297 1096 1403 1175 1152 1215 1143 1422 1452 1234
1213 1309 1383 1293 1360 1265 1163 1311 984 1278 1238 1372 1332 1219 997 1185 1297 1491 1284 1130 1213 1313 1149 1235 1267 1334 1293 1222 1149 1251 1025 1065 1067 1423 1387 1279 1305 1283 1176 1403 1245 1178 1225 1129 1101 1025 1493 1291 1190 1239 1247 1156 1263 1342 1374 1217 1288 1156 1094 1221 1235 1234 1377 1257
1108 1171 1228 1180 1320 1232 1032 1370 976 1237 1201 1150 1131 1053 862 1150 1138 1362 1180 1167 1274 1110 911 1210 1180 1048 1157 1153 1191 1252 994 1056 869 1182 1217 1084 1247 1029 1090 1372 1039 1189 1115 1141 981 941 1383 1194 1062 1054 1051 1182 1065 1159 1101 1089 1121 1078 1088 908 1186 1200 1273 1211
1011 1075 1230 1058 1165 1027 957 1153 816 1139 1020 1204 998 987 883 942 1081 1285 1073 942 1165 1106 925 1034 1110 1081 1025 999 939 1124 950 907 876 1317 1089 995 983 1099 922 1145 1156 1053 871 1012 906 843 1238 1203 1031 955 1073 862 930 1124 1130 1080 1060 956 916 861 1125 1041 1123 1120
1508 1598 1665 1622 1641 1502 1507 1740 1272 1590 1611 1668 1501 1454 1197 1528 1577 1689 1532 1508 1633 1343 1363 1617 1542 1521 1320 1560 1542 1521 1389 1311 1258 1739 1666 1439 1402 1353 1443 1866 1302 1555 1469 1467 1328 1339 1788 1455 1428 1366 1586 1322 1539 1754 1490 1527 1635 1429 1422 1200 1581 1689 1650 1524
1493 1511 1665 1681 1583 1499 1335 1632 1134 1484 1478 1483 1424 1405 1185 1467 1348 1704 1526 1381 1555 1598 1289 1495 1467 1454 1561 1398 1295 1425 1290 1385 1375 1634 1523 1419 1465 1343 1207 1646 1369 1351 1490 1393 1317 1288 1724 1578 1439 1440 1466 1397 1492 1581 1567 1403 1598 1432 1398 1354 1529 1575 1594 1479
1386 1393 1541 1543 1414 1313 1463 1651 1100 1419 1404 1461 1337 1304 1083 1351 1377 1525 1420 1157 1541 1389 1164 1471 1351 1400 1240 1366 1315 1346 1294 1333 1171 1634 1573 1287 1287 1381 1167 1666 1216 1377 1240 1312 1296 1106 1542 1423 1433 1189 1515 1213 1357 1490 1410 1250 1580 1397 1324 1146 1448 1487 1507 1321
1408 1455 1517 1385 1456 1274 1192 1426 1023 1348 1310 1288 1347 1292 1042 1312 1294 1514 1302 1222 1356 1387 1110 1300 1458 1287 1274 1337 1314 1268 1148 1288 1147 1457 1408 1381 1272 1230 1246 1638 1248 1122 1188 1364 1150 1012 1555 1514 1351 1196 1284 1259 1352 1589 1375 1281 1523 1383 1203 1091 1290 1343 1482 1181
1233 1363 1400 1472 1377 1310 1211 1450 1052 1458 1415 1300 1396 1216 1182 1249 1232 1641 1307 1295 1327 1296 1253 1345 1381 1359 1311 1347 1244 1240 1156 1291 1154 1439 1543 1446 1420 1387 1095 1500 1354 1157 1290 1145 1091 1113 1500 1295 1329 1396 1393 1216 1338 1347 1237 1239 1352 1222 1091 1140 1408 1337 1562 1315
1199 1257 1371 1336 1228 1169 1013 1324 907 1302 1225 1283 1265 1128 1041 1229 1219 1395 1224 1191 1274 1274 1149 1282 1223 1321 1203 1260 1199 1228 1061 1143 1105 1396 1316 1190 1174 1136 1077 1330 1199 1162 1186 1268 1048 1032 1312 1339 1147 1210 1221 1133 1247 1387 1250 1101 1471 1098 1110 1005 1211 1279 1299 1225
1362 1388 1434 1425 1436 1314 1277 1462 1130 1410 1353 1406 1374 1352 1076 1294 1418 1439 1379 1312 1441 1241 1180 1365 1301 1272 1308 1336 1211 1306 1130 1264 1040 1474 1564 1198 1255 1231 1113 1485 1191 1339 1295 1134 1197 1238 1555 1351 1251 1213 1332 1232 1364 1468 1207 1217 1324 1229 1200 1121 1372 1432 1432 1345
1176 1245 1401 1103 1257 1119 1207 1285 953 1260 1229 1208 1199 1164 892 1224 1244 1331 1160 1063 1183 1182 928 1179 1206 1179 1157 1115 1097 1189 994 1077 996 1323 1378 1048 1224 1144 1031 1518 1081 1143 1085 1208 991 819 1455 1355 1080 1094 1105 1215 1215 1369 1212 1179 1470 1273 1086 982 1150 1338 1259 1266
1390 1381 1522 1396 1504 1348 1337 1493 865 1274 1317 1287 1318 1310 1071 1319 1327 1501 1311 1156 1385 1424 1144 1319 1385 1204 1282 1232 1187 1258 1178 1268 1142 1443 1457 1079 1261 1271 1087 1464 1184 1324 1145 1236 1110 1171 1690 1531 1228 1204 1297 1209 1246 1424 1357 1186 1426 1297 1182 1151 1270 1386 1431 1351
